500
0 6818 2340 518 9402 5769 79 7055 9748 6101 3935 4248 3514 3486 3167
1 2561 35 329 8335 7792 6543 9839 8403 9842 6262 6202 1692 6045
2 4740 6661 4679 136 6760 8170 7471 9007 1778 6932 4182 9884 1565
3 2049 2371 2468 4836 935 3817 5101 1230 1071 2958 9007 9682 7699 116 6453 5782 6258 6613 6587 6204
4 7522 3589 7143 3435 6572 4365 2125 432 220 5173 4057 3515 1020
5 4032 9604 7846 4359 935 6571 4855 4431 5040 6611 3124 5715 854 7516 7930 124 7709 7710
6 8387 37 9001 490 8490 5900 8689 6801 6585 8186 2555
7 3616 321 5445 7799 2539 3468 971 9372 1683 7539 6613 6582 759 1686 3484 6748 6047
8 321 3650 4580 1542 9801 236 5968 8881 8242 8919 568 3097 5850 311
9 7425 1979 169 2253 8559 3954 8340 8117 3060 2395 6780
10 7330 6562 1478 1992 6125 6929 8722 6803 6258 4471 6009
11 1600 2532 9030 8199 9160 3756 9580 7726 2065 7314 2324 8439 6521 1980
12 8994 4613 2535 7368 6119 679 2891 5805 6799 2962 7965
13 6852 4516 1433 6187 9753 4305 4499 822 9881 6938 4668 9789 3870
14 4738 6724 6085 3877 105 3916 9773 2095 2045 5521 5622 3095 4701
15 3104 9953 8897 8611 2020 7365 4548 1123 8711 2240 1354 7652 691 767 3733 6262 8281 7391
16 2145 3074 1284 1255 2791 6889 4044 9678 9202 6035 9238 7352 9881 9533 7613
17 7648 7522 4675 9320 4136 3944 6923 9452 1744 2898 8535 5849 6687
18 4064 3811 9796 2439 427 6765 4943 2034 6682 8794 2807 4122 5628
19 2498 134 3208 2027 9100 3468 527 5072 2289 4081 8406 4664 8441 6299 8380
20 2626 2914 8314 999 1130 6635 3532 4529 785 1747 6549 9046 8183 5688 8153 2106 4765
21 4672 2216 2570 1295 3855 639 1871 3892 1462 9242 1215
22 3622 5320 9769 1803 7791 9968 1875 8022 55 2525 3167 2591
23 4999 4681 8331 2478 6236 1105 1266 7153 6999 3352 3325 9501 9755 8471 2205 3839
24 226 7209 6764 8428 7026 819 7478 1689 8059 9883 9373 4222
25 7139 329 1804 206 719 79 665 7380 6617 924 7197 1726
26 3332 8600 5962 591 9876 8308 7676 4311 4696 2969 348 5407
27 6882 578 7682 3173 7652 2506 3627 2986 3349 5532 7198 6207
28 4514 8610 4354 8517 518 3015 7432 9447 5030 5227 5412 7438 3602 7348 8312 2717
29 3520 4199 6633 9834 2891 9835 1583 2959 5521 2131 1045 5880 7773 4543
30 5889 2 3875 40 8265 5962 6700 8125 5552 4337 8531 8372 6584 7705 9244 3709 7103
31 8166 6252 3788 4044 7437 9775 6801 9554 4079 9043 6101 2426
32 4354 4515 261 3877 8007 9161 5709 750 5584 2288 4566 476 3356 2527
33 3074 5507 7655 9545 5706 8427 7533 9518 8273 7441 3860 438 6231 1496 4311
34 2372 7846 809 8173 7213 6253 79 6865 1810 3251 6806 7991 4925
35 9026 5798 5735 4346 5548 4429 4588 2863 1168 3987 5012 1299 2330 9244 9758 4351
36 9824 1856 7042 5635 2340 2240 358 359 2601 3131 5931 2203 5996 2155 4314 4411 8863
37 5475 8356 4901 9190 2823 8134 9738 4333 6546 1234 6583 8602 2327
38 1665 3813 8901 2247 1800 2217 4266 268 9708 8270 5326 3284 1844 7291 9244
39 4193 2 9443 1572 9317 773 5703 7560 4645 8683 2923 5966 9871 2325 4887 7352 5594 892
40 291 2213 7782 7623 2728 4938 2860 7980 2892 9113 3033 318
41 6752 7013 2214 5481 2956 8782 430 7630 208 9533 2900 9975 793 7195 7197 799
42 2208 8416 8676 1956 3012 935 3081 1643 4205 3630 2768 3569 602 6201 9562
43 1952 7777 2915 8517 7817 7499 6124 2962 1651 245 2936 4957 4798 7135
44 1440 3012 4585 3338 3308 8590 3183 1043 4539 3351 1752 7354 411 2495
45 9984 899 6727 8393 8942 3120 7313 4593 6549 5723 6075 8125
46 3488 7713 3202 9211 9448 8428 528 6547 5652 4503 5691 4638 415
47 6946 7939 359 5480 9710 4015 9680 6190 6418 5104 9652 9301 7153 3067 5565 5375
48 6596 5 9352 8239 9842 3507 979 5717 3766 3895 7484 2523 8860 3038
49 6272 5476 7012 1606 1668 6632 5899 5053 9301 5814 2424 3357 3805 382 7263
50 4928 4993 5603 6724 7270 1958 1872 7762 9715 8307 6805 1786 925 5502
51 484 5028 2957 537 4177 862 86 7320 2777 477 1758
52 5120 1891 2876 935 4326 714 715 6412 6669 2446 7725 4914 2962 6741 9500 5527 5177 9404 3903
53 4291 2276 3591 6535 1865 6953 1515 8491 3371 7055 7765 1144 6877
54 7841 9665 935 9675 5611 9931 9848 6160 948 4216 8093 2367
55 3936 3171 8166 9863 3528 7817 2570 3144 8911 8175 8945 9842 883 2643
56 5569 3778 8386 3588 5447 4199 4873 265 1927 139 6030 8879 4786 6100 4410 5341
57 5251 3012 9254 6633 6510 9007 6959 8831 1522 2418 1038 6996 2108 9279
58 2240 8386 296 9516 3534 7662 783 2236 8371 8053 2297 8540 1501 7710 1247
59 2 8841 9097 2765 7982 1327 6255 5613 9903 8435 1774 8858 8600 569 6490 7067
60 1668 3563 5744 1744 8435 5972 3989 3702 9975 4889 7934
61 4672 6692 5893 1670 5097 3690 5195 6604 9291 8718 2288 2643 3285 6328 9497 5018
62 9857 7298 9828 6727 4199 6267 427 7950 8916 2522 1755 6238
63 32 2752 4962 1668 6661 7654 1098 1169 2514 8343 5977 569 6907 8638 3455
64 8801 6209 6342 5670 2986 4780 8557 1101 2318 8174 7961 4282 9180 9082
65 1856 3266 5219 2438 6951 5098 6186 4204 3117 9615 6815 5971 3795 9238 3256 9917 6975
66 1762 2981 2533 9353 6409 5867 4751 4016 1040 4372 1117 1750 6940 7357 8798
67 6336 674 4771 5891 3845 2790 2984 425 9576 7339 2123 3950 3679 1840 7055 9842 4628 662 8470 120 2527
68 9312 4033 7876 1150 9256 6889 2986 7949 9648 117 1022 697 1946 2875 5724 5374
69 480 2240 4867 1476 7365 8682 6258 3059 1590 8345 4796 3613 8415
70 6784 7812 3881 8073 3182 690 8062 9112 3354 1563 8058
71 8039 360 8043 1836 4855 1652 20 7702 4629 2169 2908
72 3521 9826 8355 9347 3941 1735 3048 5774 9103 400 703 7413 3545 5660 4893 4606 8479
73 6785 2567 4199 8847 2544 5053 5940 4023 8540 9981 4415
74 4608 2240 4708 3752 3721 2892 9806 2160 436 9814 5591 9852 286 3358
75 8608 6914 7493 9511 4042 5290 5387 7381 6679 5752
76 2176 609 5502 2600 8265 8495 2576 3697 6546 5011 6014 9845 5715 1977 8185 1502 159
77 6529 3457 9190 8040 8971 7436 4011 3086 9842 8819 5748 7865 2139 9341
78 3360 162 6626 836 7652 1798 1382 7528 1614 2702 9007 9777 7762 9683 469 2426 5884
79 9793 5314 385 9668 9221 5762 7240 2107 3337 9550 79 8371 4923 8412 5183
80 3650 5827 2 3781 1031 7450 301 3023 3027 1716 1685 4345 5242 9246
81 8800 3937 5144 5540 9347 4840 300 2637 4494 5837 7949 4626 9842 5748 2776 217 8027 7391
82 1315 6597 1514 2559 7821 3694 5712 7699 20 4053 5437 7005 4127
83 4352 97 451 1733 3079 6696 3277 367 5138 9875 2549 8086 3383 6425 311 9470
84 7296 6114 9123 5219 935 4489 5674 203 6346 1133 4401 2962 5715 4532 2643 3222 2423 9722 5278 2559
85 5505 2913 8324 8644 6598 3815 9638 750 6737 2930 2962 6200 5561
86 8994 2374 2279 7054 6255 2704 306 2738 4147 7480 3097 4280 9247
87 4704 739 6857 8492 4109 3278 2958 5880 9011 916 5301 6390 9911 1846 8345 5500
88 7456 6945 5059 7877 6214 3271 2280 3016 3209 8168 8431 9139 4949 4470
89 8642 5635 4293 9862 4199 7787 3500 6926 3726 5108 5879 3897 6042 925
90 6721 7555 3812 9669 8134 427 3788 7148 3662 9875 4787 6136 4442 3419
91 2913 7330 7299 4357 7429 1255 8490 6538 2412 8749 4909 7951 2288 6002 6418 7864
92 2240 9761 2562 4987 321 9609 1866 3018 3728 6224 7281 1236 8022 1879 4760 7707 4350
93 5157 134 2950 2728 8681 2506 1353 7120 3476 9781 728 217 6747 477
94 9985 4547 5603 4294 7949 3919 2674 6450 8854 6168 5818 2555 3836 2813
95 4672 8033 3492 5639 1577 745 4525 9138 1429 7222 6043 4988 5182 2719
96 5792 1463 1186 4708 3077 7402 8267 5524 695 3800 5241 1978 9244 6398
97 8769 7394 420 2052 1958 6406 4874 6795 5715 3126 7673 5244 7261 2302
98 2240 3619 7620 323 103 9244 1774 3375 4947 9014 2615 3129 2267 4060
99 6176 8673 1988 7333 8134 5193 9911 3723 8205 1870 7311 3791 6029 7634 3923 9869 1527 6712
100 9347 3205 1702 4391 3877 1452 7469 4910 8015 4886 3289 5146 2140
101 3266 7077 4393 4490 8074 270 9199 3982 2548 1300 6164 6424 6330 5470
102 8098 2692 1637 8168 200 2155 4141 9006 8689 146 7699 5078 5655 313 2010 895
103 9956 4772 6534 324 1353 9423 8626 3123 7156 7190 5658
104 5155 2566 3303 713 1260 9101 13 5391 8560 7928 3022 9302 7478 5816 6171 7517 5502 3967
105 7456 9666 7682 3942 681 3946 9483 2986 8814 4976 6161 7536 8659 6644 5813 8116 5880 5240 8347
106 3936 7297 2308 5 1348 1415 7880 6025 9130 3441 4209 6578 8050 5941
107 4097 7012 2181 2309 1963 6540 6891 205 9711 3216 7727 3316 5748 7160 9433 5821
108 8448 2722 5410 7845 4807 8234 1292 5172 9691 5369 1339 7100 8575
109 3424 450 614 552 5929 4361 6377 3913 5998 3982 2896 2096 5715 1369 317
110 6627 6149 5799 300 7117 1645 8336 3313 7762 7123 5973 1752 6329 9978 953 9241 9055
111 1639 9096 1837 6289 2962 8087 7128 2362 3868 9050 6590 767
112 7393 5092 7526 4103 6695 2345 1291 5995 2417 5074 1396 2942 3775
113 3329 3361 3139 9380 4620 9557 3128 7001 3131 7676 3839
114 2536 1998 3184 657 3442 7666 979 5175 7866 3419 8988 8893
115 3364 5861 4663 3679 9231 1134 7633 1716 1781 1079 9017 8668 4765 6879
116 4960 6688 3459 3081 1067 3116 1808 3376 340 5461 9720 5305 2684 2333
117 1289 5194 3513 651 1773 6187 1551 8208 6938 2646 6295 664 1273 3830 6683 380
118 545 3778 3131 9291 7883 9007 4594 7379 1014 118 921 8378 8475 1343
119 1473 3907 7598 7864 9392 5745 17 3126 7350 1368 3577 8317
120 128 897 8226 8193 5412 6712 3691 749 9103 7664 9393 9528 6296 8029 6623
121 3104 3170 5826 2853 5926 2949 7949 607 7632 2545 3024 1429 2650 4285 4511
122 7783 3976 201 9644 2126 7727 3506 9555 5683 4823 7641 2239
123 9736 5130 3627 236 6986 4142 2095 944 6900 6431
124 2122 7660 5357 1805 9776 9746 562 7413 726 152 122
125 2244 5572 1991 583 3337 5321 9739 9674 2513 6194 8593 7699 6518 2041 9275 3550
126 6401 9154 8803 5828 8069 5734 6469 3074 5966 3409 6226 9842 5940 5813 4214 8887 1368 5658 8636 5950 2943
127 2883 6852 1382 8840 3945 3656 9804 7153 6491 1907 7732 9914 9819 9916
128 5024 6180 7614 2340 3012 12 7727 210 2131 2194 6101 3319 1117 2558 3935
129 8669 5153 5219 68 8293 4294 3014 72 6503 712 8387 1292 3727 3378 6740 148 7133 3006 7039
130 2052 4873 1292 148 3610 7069 428 1080 6332 4802 2114 1095 8520 2764 2518 3543 2140 8812 2422 2682 6907 380
131 1374 5956 2309 7012 5412 747 7886 3441 7281 2228 8853 9750 3158 3894 6238
132 2017 488 8521 41 3050 6538 3153 3891 5940 8179 8120 7070 447
133 6621 4352 3936 1414 1831 8648 2441 6346 7403 302 9010 2066 5300 2965 2485 8861
134 9760 2977 6018 5377 6820 4237 4689 4210 625 9877 5561 1086
135 6785 2114 8547 5412 1095 5385 847 1520 2357 1592 825 1530 702
136 2657 4066 3074 9956 4421 2919 4231 1959 4199 6896 4145 8178 2136 4893
137 2 5507 2308 3240 9481 2986 1835 3723 5133 402 9619 1908 2298 5469 7263 9631
138 323 5859 1380 4585 6288 278 7223 8343 2555 5626 3835 8412 9533 3743
139 4704 2947 5988 8711 2184 2121 3057 4658 1940 6079 3390 9823
140 8320 9954 6594 5956 9349 5062 4550 4905 3370 3085 398 6454 8445 9181 8671
141 4992 2018 9154 2212 8387 3012 746 779 1132 4397 7736 3058 9139 2485 2456 5467 9598
142 193 7105 935 3112 9353 8234 4969 6794 3567 5715 1304 3293
143 2400 2 677 6502 7174 2537 427 4652 846 6608 9618 9842 436 9981
144 5792 7684 8393 5488 3122 6547 6487 3321 1340 3037 7103
145 897 4390 2502 7659 9103 2962 7738 6452 9013 951 1466
146 1831 9064 5193 8906 2219 2923 7310 1774 1391 1170 6517 6613 502 6296 3387 4990
147 4135 4968 8336 5041 7699 5972 7317 3093 6777 3066 9308 8989
148 9152 3784 5384 473 3469 2700 172 3084 7089 1774 6839 8505 9307
149 7168 3329 1600 2469 7783 3210 9739 7759 208 9073 5330 116 2327 3550
150 1281 7713 3012 2186 5516 6158 1744 4465 723 1299 9784
151 1025 9475 6797 1562 6044 1564 8733 3103 6817 427 4269 9651 4277 8373 9918 6464 1745 9428 3037 1248 5737 2411
152 2725 6527 7751 4073 4362 5964 7949 5839 6931 436 2229 8532 6103 2906 701 7391
153 5540 9545 6797 3055 3698 3992 2840 4761 1786 5276 9533
154 3426 9667 6114 7986 5523 8627 8468 2582 5842 3774 8223
155 321 1830 6568 745 5514 5839 2288 3283 5975 57 1626 9533 8252 829
156 2880 1248 1698 7142 6311 6056 843 2480 5041 3923 4501 3126 7159 5848 4317 1437
157 6016 5636 6436 6855 2699 6764 13 2286 7599 5068 7120 6938 3603 4501 4022 7318 632 2649 4442 8406 7423
158 1217 321 4324 7269 2278 2920 649 2029 5806 174 4944 6001 3023 9842 8660 8510
159 9281 1027 2211 935 1294 5710 9903 9777 4722 3862 3258 3196 126
160 8994 1731 6020 5672 2892 4685 2522 8818 9395 5878 3930 3067
161 7522 323 4035 5992 9065 4750 591 5359 3673 2388 21 9846 1172 2329
162 8161 8226 1028 1348 6054 5543 3877 7179 8624 9585 5844 8413
163 3872 321 7107 3364 5284 6170 5609 3723 5357 2480 3857 7762 7062 5498
164 2 6787 3780 4037 2664 7914 4092 141 6094 5462 2616 1049 3192 1343
165 7969 5507 6660 388 9739 1163 5806 8399 7856 7226 9533 4636 2269 3199
166 2240 6629 7174 9288 1295 7183 5842 7897 3163 92 4573
167 4224 3041 1920 5668 7752 3153 4370 5522 6714 7604 3377 4122 6333 1534
168 2656 5574 2986 7019 558 4143 8238 7738 1557 1561 6554 4539 2589
169 3877 7334 936 938 4779 396 1741 6768 80 5651 3413 345 412 8702 863
170 3969 6569 2665 6153 9518 7344 9008 8370 9458 4439 2971 2268 8605
171 1986 8226 8869 8487 488 8427 3595 2444 5234 3731 6487 2712 5561 6428 4925 1246 7967
172 7808 7362 4647 6537 5515 2348 3665 5233 1843 4531 9333 7478 5498 443 6077
173 612 7399 6571 6988 7089 6577 2615 4186 4923 5052 9439
174 7652 3525 5381 7589 7211 1611 7856 7057 9842 437 4726 3125 4184 7547 1724 1183
175 576 3936 8130 4227 4324 421 6694 6025 7500 5198 1680 9428 2293 7606 6615 3707 3455
176 512 5121 194 4931 8864 6980 321 6187 4367 9968 5491 6739 9685 8311 8026 4284
177 736 5153 8387 678 424 7820 1645 5294 7600 7633 2704 3261 2837 1751 8157 1279
178 8224 3106 7014 3623 1192 4555 4683 9912 6384 8145 6226 2288 4279 2456
179 5412 3464 635 4365 3343 625 6996 2068 3575 7353 1371 4543
180 6977 6754 8836 4808 1963 4172 238 4687 721 7156 949 884 2199 3670 1117 668 6301
181 3747 8163 9032 7053 3472 561 3250 4433 9842 5525 5080 8441 8219 1180
182 3074 3012 5062 8487 6989 813 852 1206 919 5595 3068 6557 9983
183 576 4648 1000 6345 2986 1726 5037 7695 3728 79 9790
184 5280 1025 5319 3624 2440 3914 9164 9935 8112 5135 6197 5366 4925
185 2656 1153 1539 4036 873 3594 5099 7505 8178 6385 3508 3801 9627 6303
186 2937 7289 9178 5924 9096 7819 432 433 7057 2288 7417 378 3068
187 2400 7296 7202 1145 7652 7750 5895 2759 5481 8298 1611 2986 1243 7889 7577 5626 4923 6492 4669
188 8545 5762 3074 8005 3691 1134 1107 7315 4789 630 9433 572 6301 9087
189 3422 3074 5123 2662 6248 1193 8124 9642 9740 9836 9545 6643 5753 1052 4926
190 6792 8233 3882 45 2830 9873 3250 5876 4021 3926 2236 7517 5694 8479
191 8386 3359 1956 969 9455 175 5715 3252 3066 6011 3677 1694 3039
192 5537 676 4485 8201 7405 4814 5455 7949 6802 3576 8346 3933
193 2946 4987 259 1414 6759 8268 6331 7887 1968 2482 1587 1042 2683 8031
194 1378 8930 2342 9646 1938 51 8852 3638 8279 1626 7453 63
195 418 8707 4580 1188 76 1390 8753 9842 8349 9687 952 4506 6109
196 321 8616 7658 4717 1135 3824 8464 6289 560 977 152 7865 9116
197 7973 1542 8071 4071 327 589 9875 307 8790 8409 3098 3102 5439
198 5122 4772 5349 7647 5322 940 4049 6546 3675 6589 7614 9471
199 481 4008 3176 1162 1130 456 3662 1614 3726 3344 626 6613 3510 3030 9463 1534
200 1470 796 4901 1096 3402 766 79 7824 5267 5150 7481 1754 9052 8670
201 2496 2304 2181 1768 2155 4044 4365 7631 79 4594 9939 6774 6200 1048
202 3804 1032 7880 6666 107 8029 6958 3152 1586 2194 5341 6461 7356 2045
203 4325 3035 3722 7340 7662 1904 1490 6548 5880 2619 603
204 7264 2726 9160 2858 1067 9682 7797 1046 3766 6327 5246 8670
205 9670 2664 6089 3530 4876 7117 1934 4497 8508 569 3548 4541 2910 8959
206 5664 2817 5538 3043 6537 8587 3851 237 5899 5682 7539 1140 7285 4020 2487 8920 5715
207 9056 8193 9186 9598 4985 3913 8494 7120 9521 7987 7575 1689 6363 1308 765 7006 2399
208 3296 2178 2690 2499 8552 4907 8493 432 5364 3700 8857 8635 5853
209 8226 3426 5255 6155 9707 1390 9199 8722 2745 502 727 1849 6013 1311
210 129 5543 7623 3417 4967 1496 8398 7731 53 1781 6584 5913 7706 7097 8191
211 608 4033 2209 1251 2468 2538 124 1625 8886 2391 9465 6461 2972 3645
212 2503 5928 5961 9358 3311 4824 9969 5715 2934 3967 5240 5337 3262 3391
213 9464 2722 6210 9092 3459 6537 5419 208 2037 5365 8472 3322
214 7427 7108 5062 7177 4138 974 784 9713 7890 181 5083 412
215 8580 9382 1542 4842 7978 6571 8813 8559 2962 5268 5877 5364 3485
216 4351 8005 9222 1357 6254 462 6031 9842 2932 4984 148 6101 4248 1151
217 6721 1447 8686 3150 2288 7025 7250 9651 9906 6611 79 7418 9372
218 4896 7398 3004 4495 2896 2736 2192 79 2772 5300 1301 825 219 4060 7007
219 9315 9290 4875 330 1165 8686 3439 9261 401 2155 6006 9654 3387 7868 7519
220 5730 1762 133 7911 9067 2318 944 2960 979 9236 9813 1589 3351 4635
221 8385 1145 4985 7205 5669 2343 4071 5420 6258 6037 5175 9752 4409 3453 1695
222 8383 8738 7521 4744 6474 9037 1710 8720 3953 7762 5715 6552 4095
223 9664 3105 6402 4483 4677 6760 9866 7116 4623 3087 208 4211 1971 4341 2555
224 3520 2948 2630 4583 8585 6153 1803 7500 8779 2962 1239 9528 3421
225 7136 9476 4005 3012 6569 2285 8910 1774 467 2004 1622 4406 6038 1530 6492 2877
226 5504 8801 3074 2240 4868 6632 7181 5518 3376 5494 4410 6171
227 2240 2913 8994 1058 9220 9668 8968 6602 2507 6730 4721 9850 4253
228 4 1321 7997 9390 9999 8915 2455 3100 2941
229 3169 4005 7082 4234 398 4814 3023 6163 8118 1944 2553 9726 6623
230 3936 7297 7077 4647 5640 4809 9644 367 3632 6775 1529
231 7648 4035 7240 8175 5456 593 6194 5295 4117 1718 6103 607
232 162 9186 6562 6393 7012 8125 208 6901 1814 6613 4249 5500 7325 8382 7839
233 676 5412 3869 6763 9709 4398 6224 8439 5715 4629 7253 7318 154 5403 669 3007
234 2025 3913 4107 5996 8491 8750 5263 8560 7502 8598 8439 760 2841
235 896 9889 4674 1923 4867 2240 7878 1510 3304 4199 4430 6897 757 8917 4314 6939 7868
236 2371 9064 4745 8809 3147 684 3465 4752 2066 9524 149 5463 6327 4347 8636 9533 4958 9087
237 7682 2083 5001 7049 366 8404 9365 3830 9367 6613 5017 4444
238 7332 8517 1668 7338 1579 3916 8047 3856 8687 4018 5330 82 6938 1627
239 9056 35 2155 3439 4465 4565 8086 4437 8280 3993 6655
240 4480 8357 9583 976 245 7480 2809 6874 4479
241 2146 7396 8872 6824 7403 1229 79 4400 5618 595 979 6646 1176
242 6338 771 5751 3371 9772 2701 1549 2163 1204 4501 9559 8024 1306 7452
243 9852 2240 7172 5608 1451 5806 1870 399 2225 1212 2288 4373 3803 5340 2621
244 5088 7741 7912 9098 2282 5962 110 79 6225 753 9333 6583 2553 5274 2333 9273
245 2370 1635 580 6021 2 2737 7122 7571 5202 1142 1051 9852 3774
246 1379 6085 5254 934 6376 4901 3404 1454 2031 1616 9073 9136 7348 7227
247 578 9762 1925 7240 8830 4175 5456 8895 6962 5300 6846 5247
248 416 5412 8293 969 6540 47 1586 7765 3574 2327 5336 5401 7455
249 2112 1187 6821 70 8869 684 2924 9711 5458 921 220 6013 8511
250 3138 8901 998 3334 9606 7433 4230 4619 1868 6605 5326 6534 2608 2288 9687 4057 5658
251 1218 5219 5381 1543 9822 5677 7438 4274 6452 2614 8090 3419 7036 5693 5022
252 7552 321 5763 8550 9703 3179 5902 9487 3023 6226 6963 8052 8149 2643 6904 4349
253 1250 8292 2155 9228 1901 8300 7311 1039 7153 4822 890 28 7709 1087
254 865 9795 9285 7305 4393 1385 6712 8491 1552 3827 8307 1493 3512 1561 8346 5532
255 8384 8994 6601 5290 845 1966 3634 3666 4340 4597 662 6584 1241 3356 5374
256 9728 3681 4249 1514 7211 7997 7726 9715 5624 5145 6073 6045
257 3106 3843 4197 8197 2279 6663 3754 8331 5995 9930 1839 1015 5498
258 6371 8712 3691 8044 2829 2510 7979 4108 7761 7538 4657 1208
259 9696 9124 7878 7432 2056 9935 7664 6576 5206 9782 4824 9787 6619
260 8451 6756 3749 8600 331 5099 5901 6637 4918 9174 502 4184 4540
261 4705 3716 935 8744 4265 6377 3895 7022 3567 4372 1015 3319 95
262 4321 8644 9671 7816 5803 9868 6924 7054 6223 1138 4979 4916 7699 6038 4823 2681
263 9987 1412 1226 138 8108 2155 5265 7665 4243 1074 4342 4118 1846
264 8898 6754 71 2986 5962 4526 3087 6447 1586 627 4436 5523 8534 2611 5715 9693
265 7236 6501 8197 6928 8153 9848 6585 3930 5437 6908 8413
266 9762 5446 6440 2312 409 8491 4941 8429 2351 5999 7474 9878 5785 5917
267 9317 103 4199 5418 5899 5133 4238 2514 2962 3449 186 9661
268 513 4548 1064 9613 9453 8431 2096 3601 6938 9007 254 3221 3510 9653 6649 8826 8027 9566
269 6401 7779 1795 6374 935 8168 1066 1038 9838 6513 2164 7126 4375 2168 4282 1179 2973
270 9473 8642 3074 3175 4393 1482 105 2511 6576 6063 2962 3699 4020 661 4281
271 7105 1316 3141 1668 7083 8076 462 14 8560 431 7280 7219 3828 3125 7736 7931
272 7968 2240 7170 866 2756 2340 4199 2600 5450 7438 1551 2032 6162 6803 1972 3095 8697 7802
273 5344 5186 2980 4326 4871 7784 4586 6379 1228 4970 4686 3505 2002 7219 5715 5400
274 3936 6853 5032 1865 6988 1774 5775 9552 9873 18 9615 8118 9914 7420
275 3430 8136 7529 3146 5323 5132 6380 2254 1137 5554 5749 7669 8855 4248 569 4184
276 1156 9256 9790 4108 5935 8304 5340 2292 5556 7414 9016 6905 4796 6494
277 2433 5378 9857 7622 6599 3082 5455 6159 8753 9007 6966 4054 9244 4765 1534
278 7136 960 6464 6724 4027 6214 4774 2502 6941 5709 1618 9785 6939 9244 2041
279 1216 67 4261 4713 842 2189 846 5848 4240 4400 79 8982 8470 9784 1403 349
280 3492 2533 4743 1864 7561 4999 1423 3760 471 2331
281 9505 4518 2826 6827 2076 917 5238 3030 8214 5333 2362 4341 6812 1405
282 9344 7810 8484 5190 5160 4329 8106 447 7086 5556 5365 3450 1023
283 2240 5443 2116 105 8491 4092 8920 1968 7156 4085 4822 7702 7414 8635 8471 311 5758
284 9729 866 4934 7110 3784 5256 5958 447 2794 4916 279 1592 2327 8383
285 2114 2116 3301 7942 7880 7881 653 6999 5327 7438 5206 3735 8121 7447
286 3459 6115 5127 1383 4298 5071 7183 559 593 5528 6300 6653
287 6976 5987 1210 2377 2985 6537 9871 5233 5466 1820 5598
288 7429 7110 6247 7111 8683 3947 6317 7728 2933 5049 5885 4926
289 9220 5253 6310 3181 3858 3698 9139 7767 9720 5818 9211 5340 6010 287
290 1698 1634 9573 9222 4489 9194 7438 497 3987 8436 6100 5623 2872 1852
291 5062 8167 5609 6570 1833 15 5392 2864 9938 207 1364 1269 8437 7284 4787 1405
292 3841 4 2407 6225 210 8275 5427 8787 1718 3316 7387 2749 2751
293 3682 6467 1989 2697 682 2091 5036 7949 2005 4758 666 1979 8477
294 7296 3352 3330 2884 6629 4553 5993 9007 1880 9014 7222 9944 7419 957 9947 6207
295 3074 420 7303 5640 5385 6664 3121 7475 6453 8572 9241 7994 1564 8217
296 2304 3105 1794 7880 2440 7530 1356 4045 3726 9968 7153 8114 84 7222 3063 792 5657 1724 9119
297 7648 705 5413 4135 5447 9640 3144 2867 2804 7703 2553 3130 1660
298 8224 4611 5543 2535 4456 3721 3111 3276 5773 9678 7980 3728 4852 9401 5340 5502
299 5796 4869 5064 8041 3594 9771 8847 4432 5775 9621 789 6423 3288 1625
300 8288 5702 8134 7913 3565 5875 7731 341 9174 1983 4447
301 1860 420 1894 7304 9353 8586 3915 5705 6897 3316 1814 8382 5119
302 3398 8774 3979 6572 7213 8047 1903 7762 3251 7700 1691
303 7904 7971 5572 964 1735 811 2060 5967 4208 84 5269 1589 9460 4319
304 8836 1924 5444 5959 7048 9382 1083 5964 5677 6703 4336 8687 79 7732 9013 9141 4154 3835 61 1150
305 5890 1700 5669 1799 1640 4587 2489 5880 8946 7284 374 2424 1209 6556 2269
306 5345 9285 5062 5510 4681 1194 2442 8082 2772 9465 8986 5821
307 2240 2244 8997 8005 9159 1673 8715 8716 4141 8475 3761 1905 3579 4635 8988
308 5986 7012 6020 6697 9483 1772 6064 4880 2608 9939 756 8852 7127 6937 215 3839
309 4736 4358 6126 2479 2320 8816 9040 6867 1774 7383 8764 9629 7999
310 3525 4169 2249 7691 9545 6989 6096 8947 1972 9877 2745 1177 8892
311 9407 2018 7715 2 2439 3372 1677 9075 8791 1404 3517 5567
312 5376 8321 3074 1479 7911 7 5714 6069 3542 3322 6684 1628
313 4225 5283 1763 7652 8390 4391 5287 1961 9704 2407 4020 2104 6138 5372 2559
314 5344 2112 9024 9987 7176 8558 1999 4815 6449 9746 9055 4728 5631
315 8387 3716 8616 105 6186 6157 8854 6263 57 6556 2173 9823
316 5956 7238 2347 9739 5261 3568 1489 8498 2294 9719 4630 2557
317 1507 6724 9349 8134 3012 2600 7652 8778 5262 2511 2962 1395 7763 3070 503 5438
318 9282 8038 9320 6890 4651 652 5547 2186 5962 306 7539 9075 8149 7641
319 6912 321 5762 5476 1157 4936 6537 7659 4525 3149 79 9400 315 7196 1534
320 2497 6855 5865 1930 9292 9006 4527 7409 2962 6195 7380 6613 3318 2263 701 9503
321 356 5541 8134 8455 7047 999 170 4910 7438 6512 3474 3060 5686 1560 5914
322 5219 1703 520 6472 8207 9075 4532 6805 2555 3671 7385 9115 29 4958 447
323 969 6282 5195 3182 4270 8878 4622 3794 4079 6651 3614
324 5475 3907 2340 3688 8936 586 6735 2319 634 4342 8441 9402 4156
325 700 8547 8290 3429 3400 716 5548 7277 8462 9244 2961 4820 9173 1174 4791 8536 8124
326 6883 2981 6813 745 8506 2701 5581 4176 8221 8090 3483 8316 9437 5503
327 7652 5157 1734 2567 3943 2058 6538 5962 2801 8625 8980 8596 5238 2811
328 4192 929 1284 8422 4326 7656 5162 5198 7219 7700 3990 8185 6651 6718 3839
329 8676 300 5421 6670 1053 7315 4339 7059 5976 2962 5048 9979 8957
330 4961 8066 3970 6499 9476 2694 7652 3877 2572 3055 9206 220 7518
331 7779 7652 4536 5863 810 4718 5006 16 9040 9235 885 4341 1528 8252 5821 2975
332 9700 7033 7495 3176 3656 4683 6668 6254 3536 1908 5748 6489 1117
333 6787 9028 9669 8170 7307 626 7506 8308 8050 2390 4182 7762 158
334 3424 9921 359 4714 939 8491 4653 177 5842 9144 8666 1595 6686
335 9024 7425 6152 712 1166 5167 7408 3730 5075 7675 6843
336 5920 8994 3493 6920 4266 4427 7311 2639 1935 6518 2264 1402 1563 7231
337 2400 1760 321 8035 2246 5030 7209 3245 6094 8336 3729 8464 3159 5816
338 5159 4841 6635 907 843 6799 7251 7830 7959 4636 125 4319
339 1793 9123 8868 9701 552 5707 1419 6030 463 2385 4855 6777 1978
340 4640 2 8387 7703 5197 5231 6032 3316 2357 7861 6455 6549 5404 9791
341 9217 4165 3977 7498 4363 4843 5292 6414 6831 2229 5917 3583
342 512 576 3936 164 8325 1157 2439 1643 2445 1774 4143 9359 5747 3763 7861 8378 4445
343 1601 7043 6083 5283 6403 7799 8168 231 6636 7824 4531 5652 6487 8893
344 5602 7652 7847 1439 4935 8044 6613 6810 3897 9274 3388 6333 6014 8575
345 4096 2436 4103 2605 909 4723 6868 2868 9688
346 5252 9502 2668 4526 2928 1072 6515 7831 7130 350 2111
347 9025 1668 71 4456 6185 3849 3051 6636 1481 9031 7343 8491 5425 1784
348 5665 4162 996 9669 3103 5969 7802 7256 8889 1946 6299 6268 2239
349 2656 3684 7 2344 2058 6827 685 6480 2514 596 4470 4252 2557 1919
350 2717 2665 8906 2155 7308 3244 1515 2444 5552 3121 8210 8723 8562 4468 4693 4020 6584 3100 605 126
351 4897 2274 195 321 9670 9864 6029 8017 5045 4790 3448 1114
352 1568 2630 7818 1003 7403 3341 1290 9231 2768 2643 9623 5977 6842 7839
353 321 2114 3299 3364 2074 425 6925 6606 1357 6192 2834 4181 9077 6234 9244 9470
354 4344 7112 2760 6410 7051 6541 3213 1807 111 9968 2962 4500 1751 5912 2555 991
355 9698 8674 5027 8005 4233 4683 8397 2962 9340 6111
356 9634 3203 4772 6211 6796 6967 8654 7887 625 6067 5527
357 1093 8171 8269 750 1649 7377 7538 9492 7861 1938 2773 8345 5082 955 670
358 7875 4391 3662 7438 3794 3539 6228 693 501 2772 5913 9535
359 3968 3617 320 7880 2032 4881 851 1141 1718 2584 5659 8668
360 321 1573 745 7628 3885 3406 7949 3698 8020 5300 567 3389 3231
361 1376 5583 5848 2514 2003 5619 5459 5238 4600 4281 1372 30 5343
362 321 2530 744 9163 7500 7471 5007 2546 8468 5016 1625 9948 9917
363 7648 3936 4708 2600 172 6929 8818 4369 7732 1366 1592 2361 4988 3261
364 7404 5069 3406 3756 7760 9075 4693 3446 3099 7389 6719
365 9696 2752 8130 321 9545 202 9455 7376 7027 7251 7699 9464 5497 8442 158 2685 9022
366 3394 3012 9127 9703 5994 7339 3114 9643 653 9004 3371 4626 9075 8284 2173 4414
367 3713 6775 3435 1134 7921 1041 6547 9684 5012 8981 1014 2484
368 2 9635 2148 6090 7402 155 1211 2670 9271 9051 9118 5311
369 8224 4775 7915 2188 4075 6830 9170 9075 1238 8248 8603 2559
370 2433 3619 8070 1169 3123 692 7797 1494 6170 6590
371 5601 8994 4771 2789 2023 8200 3181 655 1299 1973 9656 7481 6842 861 2943
372 321 4415 8903 8370 9277 8660 5557 7219 2962 1689 4829 9886 8063
373 7584 3074 5411 7589 9351 778 3982 79 9298 2197 4246 7605 600 3286
374 4608 9216 1154 5188 6661 9989 3932 7113 399 5109 7542 3189 2362 9500 8254 2655
375 9792 7744 8994 5219 550 4040 2058 9675 3692 7884 4046 7864 9808 6047 9343
376 6752 1729 2907 3106 9961 4428 4620 6061 5264 3603 2555 727 2075 2975
377 2113 3620 5386 1995 2666 653 3371 9007 2993 5938 5372 3452 415
378 5120 5314 3074 9669 229 1958 5480 3783 9964 5485 8760 7195
379 864 4039 1736 7274 9579 3982 3695 1487 8625 9013 3990 1981 7551
380 7458 2821 3559 6153 3050 2188 3885 5715 8532 3765 3894 7413 6745 6267 3997 6398 1247
381 320 8353 2817 3301 1639 169 7435 5099 6349 9586 501 2773 2555 2683 254
382 5536 3910 5191 9545 9163 525 2478 207 7764 9462 8470 568 4348
383 3105 8449 935 3018 2602 8076 299 4332 6955 3504 4728 5748 5144 4702 6687
384 3422 7169 3454 7429 8775 4648 489 4778 587 2153 6702 9172 5880 3035 2109 8030 4191
385 6850 7684 3465 1611 588 3215 6672 6929 2737 594 2516 561 9306 5372 3006
386 4672 640 4035 1414 4326 1905 2162 29 5652 6068 5715 3544 1852 8029 8351
387 769 580 7429 3718 7079 1445 7533 4430 7949 3504 6161 274 4154 2364
388 3936 2240 8772 3012 7144 328 7259 4234 3438 8111 1137 7153 7538 6971 1149 8511
389 4192 9443 5956 2885 3113 7113 7052 5358 4016 8017 6452 500 3032
390 7873 9668 8935 7146 1613 1806 8077 8528 9459 5941 8728 6297 7578
391 7140 9129 9003 4717 7278 5840 8752 8178 2707 820 7348 1913 2974 2047
392 2472 3401 7245 6030 271 3889 6738 7153 5016 2586 5597 5533
393 1025 5348 2276 2406 6248 5705 1514 7786 6764 5869 2992 7604 148 6680 8859 1405
394 7360 8580 1956 6088 6473 586 8585 4077 8015 4497 694 4411 764 5279
395 6785 5154 1666 321 8458 8302 8143 4560 6161 7153 9043 2644 2137 6971
396 8483 6245 3334 935 6825 9610 5867 5387 3735 1336 5625 2143 5343
397 9253 6023 4871 6217 1200 7248 2960 3638 8887 7868 9439
398 8165 4041 843 7632 8817 5266 7219 8406 8091 124 2781 8542
399 576 7653 72 8876 1681 1657 5748 7383 8857 2715 1245 1279
400 3779 6787 2216 6665 717 8786 9142 7384 123 3932 8254
401 4420 8900 1319 73 3882 3211 8559 2418 5812 5237 7382 1754 2555
402 5762 8195 5572 8293 9990 8872 8361 7177 2347 8108 2699 8590 6285 9036 9712 1042 9842 8148 921 1660 5214
403 1922 932 2503 456 5481 8071 1287 2444 5904 9650 188 6265 1564 9469
404 9088 1538 805 9544 3240 7019 2801 5681 2168 5563 93 5343
405 9920 2114 3074 7365 5381 9255 6183 4811 8429 8013 5806 79 9334 5654 4664 8028 2333
406 8483 9028 8163 6919 4744 1868 1390 8910 4496 7092 5150 9301 759 537 3966
407 8576 352 3202 4423 3337 7436 7918 46 48 2224 6357 794 6495
408 5504 7265 8994 6119 6024 5640 3912 3115 2028 621 4276 9013 7992 187
409 6850 5187 6568 1963 8846 9715 5811 2166 3546 1341
410 6563 870 4873 9419 9007 5683 5271 2842 3611 1405 4990 1787
411 2114 4963 2647 7241 2288 5844 6613 6135 4600 3929 4343 2111 4255
412 6918 4488 5032 8265 1227 5962 4665 2288 9009 8177 1209 3131 4702
413 2528 4923 321 1187 1029 7973 8685 4403 3829 3894 5435 6909 4543
414 2 6627 5414 9958 3175 4681 3913 2057 6602 8907 7545 4199 5049 3804
415 7682 2679 5194 3467 3163 7279 7986 3991 6328 537 2395 7133
416 224 2 99 996 4454 4199 2794 3210 779 3821 2892 8309 1909 8952
417 32 6178 4324 8839 2281 9848 5805 7314 8179 7382 2199 6104 1206 860 1727
418 6240 5122 3012 7302 5319 423 3634 6962 5753 3034 3261 9694 5727
419 1152 4955 5475 8009 5038 3760 3186 7766 4311 9370 6459 3420
420 9448 5905 6994 9233 5459 6613 7094 6007 3032 249 2268 3135 8796
421 2240 6371 9540 741 4871 171 5357 5426 7925 7291 447
422 2240 6305 553 9481 1885 5293 8941 1358 2514 2483 4277 55 4443 3197
423 6369 4898 3012 7847 9192 71 8330 9226 8332 5869 4848 7089 1523 2612 9396
424 9312 7872 2082 6083 2240 2117 2985 5513 4847 3025 1842 3891 9372 1117
425 928 321 8386 8483 5412 746 7691 3371 749 4659 852 247 792 7834 8092 2655
426 4705 5186 5316 3783 9384 3592 7242 5002 7243 2962 6995 1590 7577 1726
427 1984 4706 8356 3685 3492 6055 6888 7369 2986 18 9845 2843 3135
428 5472 2497 3812 7718 7174 6159 3663 3186 7732 5913 9308
429 897 9857 6337 6821 8075 5355 6413 7695 466 4437 3832 3964 3677
430 5241 2 4034 8193 7333 166 8994 426 4633 3023 2672 8371 7092 6872 2329 445
431 6823 6280 7661 142 8910 4723 8276 4696 1951 9791
432 9729 2 747 1323 6381 9008 3090 9842 3548 4476 446 5119
433 8160 8256 6209 5762 2983 4136 7689 6920 1869 8174 2609 2962 1555 1430 4888 8573 251 5053 6014 1279
434 8224 5536 2401 4998 4684 108 1902 8272 5264 8693 4150 5208 9244 1662
435 9537 7457 8166 2890 7949 2289 9844 6517 7198 5657 222
436 6049 1881 6599 9689 7949 6639 3600 7633 8088 3161 7354 29
437 5632 932 1349 7397 8491 4589 6707 83 5717 3996 7742 6879
438 1056 7785 9065 5675 3339 8430 78 1695 3219 4729 412 287
439 3744 5057 7713 9572 5694 3989 22 4502 1052 2334 1375
440 7639 4996 5455 2258 3092 9333 8533 3957 3894 4985 1755 3292
441 9891 2659 3364 8071 7851 8460 1133 3277 3820 9998 3728 2962 8661 5461 4597 793 3707
442 3168 6336 7906 4100 5483 2123 4430 9968 6993 8466 7699 23 5146 6781
443 4384 9379 5443 131 8454 1162 9163 6938 79 5010 249 6202 2842 3804 7997 2302 7199
444 5760 9242 9452 6416 6833 5715 7732 2165 758 5109 3898 4027 1372 2975
445 9345 7652 8677 550 72 905 6571 7501 8270 1743 5682 1918 8629 3870
446 9184 3553 8772 7302 7207 9766 5862 5706 6583 4314 5500 7613 5118
447 6720 2147 9864 5064 4650 9004 2990 1234 4660 4789 9910 3703 6520 8282
448 9470 1057 1509 5694 2057 9770 6989 6030 2447 79 2995 7861 9278
449 6531 1348 199 7945 7242 4041 937 2381 5558 9943 7577 1594
450 2401 3939 5445 1606 7783 2215 3877 9610 3149 9680 1809 3673 5466 1852 4094
451 7328 5725 7685 4138 7565 5329 6834 2483 4531 5748 5240 4313 5693 766
452 2048 7233 8864 5185 136 8457 4168 1583 5553 9650 2931 1272 3004 1630
453 1602 421 2821 4135 7847 2186 3691 1835 3949 2555 604
454 5856 5827 7652 3078 1832 5737 8366 110 5168 370 1524 2649 3390
455 9728 8009 3018 9322 1740 912 2129 7858 6014 564 3317 345 4987 7899
456 2305 5795 1798 5671 377 3536 6834 1363 2164 597 6962 2457 2684 7133
457 1668 4263 3112 5159 523 3470 4303 7442 2645 2779 6685
458 2017 6472 4489 9449 9648 4048 4692 8693 8088 569 2619 5948 895
459 901 3846 3628 9229 9903 6815 2353 1620 8341 5848 7354 95
460 9504 1121 7296 8138 4683 5837 2673 8244 6996 7352 7230
461 2275 2695 5447 935 6730 2591 6192 2960 2706 2675 625 6230 1912 6459 1439
462 5216 5601 3490 5924 9638 3689 6379 3729 9299 1684 8596 8639
463 3232 4193 5920 6241 2276 8521 3754 3596 3539 375 5529 3675 9244 9407
464 7458 898 3362 3525 7302 5062 744 5417 7558 5254 973 1742 2256 8368 658 9904 2962 9560 5437
465 7490 6308 6666 6315 6894 8125 5968 3442 3987 1752 2650 3230 2493 5534
466 9664 9120 2361 6928 3440 884 8213 6232 8216 4314 6527
467 1923 3876 7013 8515 935 6857 5323 7627 5307 8878 273 1779 5204 2422 633 3643
468 6265 2178 8035 1029 408 4326 3691 3377 6014 2712 4921 9022
469 4321 8325 8582 807 5224 8518 8009 4306 8792 2136 5116 7997 9438
470 1827 3301 6472 3211 2807 7883 8462 6768 3473 4082 7250 3703 952
471 9156 4421 7270 7204 2536 1668 6795 2893 3250 7125 3223 7928
472 8288 897 9122 261 3591 3240 3182 752 7952 4184 9722 9244 4286
473 1122 8536 3524 8167 6504 7817 4681 2986 5005 9907 1815 4376
474 4770 5730 5156 9284 2210 3683 8908 9007 3728 4434 6420 756 4985 314 3452 5758
475 5568 3936 1474 5349 3783 5671 2439 7211 6448 7153 3060 9589 1429 5847 4024 5401 925
476 3329 3297 9831 5032 3271 3753 5291 745 4402 4084 3828 1142 183 3894 9113 7772
477 1315 5828 4038 3944 5097 2603 6093 2488 8441 7322 4766 127
478 7608 3814 456 2121 6985 5196 9966 7669 8760 4061 3519
479 8034 9895 6408 8778 4907 3758 47 3952 7929 2394 9533 4253
480 3841 7938 6177 3012 2181 6439 6664 3786 2829 7218 8083 6547 574
481 5890 3016 3082 5549 2895 4434 6646 5752 7866 5308 5918
482 1668 5274 5927 4007 5931 6134 6135 6009 5306 6108
483 8865 5445 4934 6534 8585 8075 2925 366 4079 6225 5652 5657 5757
484 9409 9921 6437 5543 9790 7306 555 9584 5169 2291 9214 8406 1848 1086
485 7486 3619 8964 5830 3911 6600 7078 1675 4588 3023 8528 5238 1694
486 32 5537 5986 8739 2276 7138 5349 9103 7215 6639 2326 3894 9848
487 4928 2849 3265 3555 9030 8270 9007 7445 8758 949 5720 3033 4443 444 4382
488 4800 162 7240 2121 5354 9933 7791 6672 4146 4313 858 3995 2108 5470 255
489 4344 5221 7749 1610 1997 4429 8717 4751 7055 8531 2327 6520 2684 9820
490 160 8450 1668 6853 3500 8047 9170 9941 5497 3834
491 6114 5378 5412 7652 2503 551 1803 5997 8920 4656 9968 9877 6582 4408
492 6304 1251 9092 3237 296 3337 6828 6258 4982 2552 5406
493 4001 6306 6595 3012 321 9064 2571 3182 4782 7024 1329 1297 979 7103
494 7808 4065 321 7204 5349 4135 5800 2407 1645 269 4240 817 8722 7738 4987 94
495 4996 5412 2221 9326 2450 7987 1170 82 4666 91
496 3520 2657 1700 2405 9159 9801 6030 175 2288 3185 850 6067 5044 9210
497 4710 4233 6154 299 8812 3982 79 1489 8500 3605 2134 6714 8575
498 6112 2272 34 4771 7204 5765 6121 9129 817 5848 9243 1663
499 7040 1281 739 5637 293 871 1675 3821 3726 9966 8269 4401 628 792 7677
