500
0 518 8846 79 7055 6101 3486 3167 2718 8864 2340 3432 2614 631 9402
1 2561 5957 7688 8335 3669 9436 417 1702 9839 7601 9842 6262 5434
2 4740 134 4679 4232 6415 4951 5149 104 8170 7082 7471 9007 3509
3 2049 2958 7699 6175 802 2468 935 1071 6453 6587 6204 2371 6613 4836 7788 5101 6124 6258 116
4 8325 9481 1994 4948 3515 283 220 7522 4520 44 7801 3195 1020
5 5634 6787 9604 4359 6295 7709 7710 8350 555 8377 8139 4431 6611 5715 7516 3437 2288 4855
6 8387 3275 6801 8599 9495 6116 37 4903 9265 8186 2555
7 5125 776 2185 3089 1683 1686 3484 8229 6582 321 5445 6470 8140 6613 9946 3561 2539
8 321 2892 5968 6099 2904 218 8922 731 6051 1512 1642 236 4912 6322
9 7364 5444 8340 9045 2583 9303 2395 9961 8559 1979 7038
10 1161 8722 3229 546 7147 2476 6125 1777 6258 1845 4990
11 5440 9861 8199 9160 8969 3537 9580 7726 9970 883 8439 1529 7356 5054
12 8390 2962 5275 5085 8994 227 2342 7977 9521 2873 3066
13 8513 6852 712 4878 4305 3160 6938 9501 3870 3999 4985 7099 4668
14 5698 4744 6092 1615 3095 2136 2589 5600 8995 3877 9773 5677 4280
15 1668 8711 4624 3733 3104 930 8611 4002 3243 9522 691 2240 8897 585 9953 3172 8932 6253
16 7360 9411 4044 9881 9533 2337 1255 5099 1323 2158 9007 9202 9720 250 7613
17 4675 9351 2898 9426 8535 5849 3866 6428 9320 3944 5161 2283 753
18 4866 3972 2439 3914 4943 1298 8794 4064 3811 9831 427 1454 2034
19 9984 2498 7178 3468 77 527 5072 2901 8406 8662 6299 8352 4081 4664 8441
20 7811 785 8465 786 4765 5407 5292 6705 7474 2491 3005 966 3532 999 6635 8314 6141
21 4224 3392 3145 1097 1295 1871 5151 53 1339 3262 639
22 8837 2183 8780 1875 8022 6490 7791 9968 946 2421 8889 3259
23 3584 8973 145 3352 2205 5303 6982 4681 1105 6999 3547 6236 8295 7153 3325 3839
24 4937 226 3238 7209 6122 9707 8428 8113 7026 4215 2171 4222
25 2756 329 206 719 79 665 7197 8286 1055 9130 1726 4529
26 3332 5962 9876 4311 4696 348 1373 9632 9955 2543 8308 7676
27 512 578 3349 8982 8025 3164 9438 6882 7652 3173 2986 9023
28 4354 7432 7438 3602 2707 6938 2717 8242 2355 7348 1986 8517 8056 1495 1898 5227
29 3520 3074 139 2959 1045 7191 1948 1631 9834 9835 7857 8754 5880 6525
30 5889 2 7564 9107 4888 7705 9244 6700 6584 8125 7361 5962 7755 8531 8285 6391 3709
31 3788 7437 5069 6101 9565 4974 9775 3507 8883 6067 2426 8125
32 4679 3336 9161 5647 7696 5333 2389 4566 476 2527 2143 3877 750 2288
33 3074 5507 5442 1031 9545 2505 2125 3408 8273 1105 3860 4314 6369 8628 4860
34 3586 771 2437 79 592 6865 9305 1050 734 7585 809 3755 3251
35 1168 8338 3987 5012 1299 2330 9244 9758 8734 5798 5548 2863 9026 6734 5735 9834
36 2177 9089 8209 2203 8863 2340 2601 6059 2240 4544 1737 2639 4314 358 359 2155 5996
37 3776 6915 8134 2823 6546 2327 2143 3043 4260 4901 4715 622 5887
38 1665 1800 2379 8270 5326 529 7954 9745 3284 1745 9244 9708 9843 2298 7291
39 2 9989 7560 2325 7198 8227 1572 4645 2730 2227 4151 7352 4193 9317 8810 8683 6899 9338
40 9602 6914 3524 4938 8461 4945 4314 3932 7782 2728 2860 5301
41 793 7195 7197 7200 2100 4027 9533 575 8782 7630 4178 2900 7000 7013 4462 3323
42 3012 9478 9607 5014 8416 9954 1956 935 3630 8880 3569 6133 8246 6201 8699
43 6148 2885 4811 4940 1548 3409 2962 4957 1952 2915 1651 1715 245 4798
44 3012 1670 8590 2255 8529 1043 468 9238 2968 1440 9583 1779 6584 8446
45 6727 7881 8459 9357 6549 8918 9628 1580 7854 3120 6075 8125
46 3202 9211 3533 6734 6547 9300 1439 3488 7713 4914 4727 5691 5375
47 7939 8583 4749 6418 5395 6421 6946 4015 9652 1847 5565 4176 9710 5104 7153 4212
48 5 6984 3602 979 5717 9238 9115 1889 4015 8239 9842 8181 7991 6139
49 1668 3588 9990 5899 9301 6362 1761 7012 5479 1706 5743 4399 9080 7290 3326
50 4928 8896 1924 454 2635 7762 6292 925 5409 5603 1958 362 9715 8307
51 5124 5445 4296 88 477 5983 4897 168 7151 3895 3064
52 6412 2962 935 3751 6955 5177 2876 9404 4541 7745 4551 1224 714 7126 4439 6104 4326 7399 2294
53 2248 1865 1290 9230 7055 2704 2256 9697 2338 8610 1515 8491 3371
54 9920 1159 9931 9675 3597 4173 8212 1053 935 5611 687 9848
55 9863 2643 7252 4310 732 6622 3936 8166 6895 8945 9842 8306 5372 447
56 3588 9733 1927 265 139 6030 9615 3363 9001 4410 5569 8386 5341 4199 4983 1660
57 5251 3012 5636 9798 4300 5907 3157 790 26 9007 6959 3641 6717 8831
58 2240 9408 8386 1611 783 3088 8540 7710 3109 296 6635 3501 7662 8053 2236
59 2 8841 8600 155 1327 9903 569 6218 6347 5966 2262 2532 3687 5613 1774 6129
60 1668 6221 9047 729 4905 3563 301 4719 8435 3702 3319
61 1670 2182 8718 6692 8231 202 5195 6604 9291 849 2643 3285 8021 5097 3690 2288
62 6727 4812 7950 5519 2522 1370 2332 4199 427 4654 6830 8959
63 1668 3079 9994 5645 6414 1169 2514 9043 4962 7654 569 3699 1465 1017 8638
64 3648 2318 1749 7961 4507 9180 7331 2986 4780 8557 8174 1582 6902 4282
65 2438 2828 9615 660 6815 6186 3117 8109 6962 3256 5971 3795 2264 7260 5219 4204 8433
66 6409 4238 1040 1750 6940 1117 8798 1762 2981 2533 5867 7852 4016 4343 7357
67 5891 7055 2704 4628 662 8470 674 425 296 3889 6336 7373 3021 2640 5977 2527 2790 9576 3950 9842 1917
68 7949 1022 5374 1190 9256 2986 697 2875 5724 9312 1121 6889 8062 117 887 1150
69 2240 9219 1476 8263 7563 7321 7068 6692 9582 6258 8885 9781 3772
70 6784 4289 1410 1605 8221 2979 3172 1256 8058 3451 8062
71 9283 3348 4629 8793 2597 8043 4855 9325 9330 4022 5751
72 2305 9347 2692 780 7949 9103 1957 1196 1841 703 3521 1734 2265 2019 3048 496 7922
73 9930 7568 9489 9112 6040 8540 4199 9836 2544 9981 4415
74 2240 136 2892 4684 1554 9814 5591 3752 5229 5103 6001 2611 1523 9852
75 652 2189 3664 9432 6496 7841 8804 3046 5752 9023
76 6546 1428 9496 7072 5033 8495 2866 5172 2870 1864 8265 5715 609 4967 3697 8185 5887
77 3457 9032 7699 2713 2139 8736 8040 5992 5678 9842 8116 7477 7865 3518
78 1798 541 2847 3360 162 9007 9520 9777 2746 836 5831 7762 2137 6748 6626 7652 4468
79 385 5762 4923 7240 3337 79 8079 3538 8412 9315 8613 2107 2474 8371 5183
80 3650 5827 2 3781 8844 3023 6545 9171 3027 9569 1900 9197 1716 5242
81 9347 7949 4494 4626 5144 7461 300 9391 5826 4813 2776 217 4317 3937 4840 9842 5748 4858
82 3330 4169 1868 7372 3704 7699 20 7005 6688 6330 6075 5437 2559
83 4352 4356 3079 8086 676 3383 311 953 3260 451 1733 1607 9420 7146 367 2549
84 7296 8975 2962 935 297 5674 6320 4401 2097 4532 6346 203 977 5715 2643 6114 6627 2423 5880 7165
85 8644 6532 6598 6737 2962 1106 6200 4133 8042 6961 7800 5561 9404
86 5188 6286 7759 7894 4765 8994 1444 8937 1579 6255 2929 4147 9083
87 3720 3468 916 427 9388 4784 6321 9011 5301 7733 4677 3278 4704 9453 6390 8055
88 5059 6214 3016 3209 4949 6937 4955 7456 6945 2537 8431 9139 4470 2295
89 4293 9862 838 773 6042 925 863 1247 8609 4199 7719 7787 5108 5879
90 8133 8134 9669 6535 7173 6861 1934 6551 4442 3419 3812 2408 427 6136
91 9730 7429 646 6538 7951 4909 3885 4420 9945 9178 8040 1772 2288 3188 9468 9215
92 2562 6147 6672 4884 4760 9761 8493 6975 2240 321 1866 1236 4569 3673 7281 4987 4350
93 1353 7120 6739 3476 728 6747 2459 477 5278 4004 5157 8997 2728 8681
94 9985 4547 6347 7949 3919 8854 6168 5603 2792 2674 4274 2555 3836 2813
95 4672 5639 8845 1429 349 286 1120 1577 745 9199 9138 3255 3067 5182
96 3077 4614 8775 3398 8010 8267 9040 5792 3936 233 695 1463 5178 6398
97 6859 5900 914 7261 4126 7394 420 8104 4789 441 7802 5307 3837
98 2240 5506 323 9244 4060 3619 103 1774 3375 3313 9332 9014 2615 4223
99 7044 3723 6029 9869 8342 284 6176 7586 7333 6712 1850 8134 8902 5193 7634 8405 7903 1265
100 3584 5761 7050 732 221 9252 3877 1702 4391 1452 5676 7469 7472
101 3074 3207 6216 270 1300 212 8793 1884 5086 3234 7077 4393 8425 9199
102 2692 4232 146 1050 8098 200 4690 979 1637 4198 2155 7666 2803 8698 3195 895
103 6979 324 6534 3719 7190 5658 3810 5923 933 9139 3261
104 6790 13 782 5391 9101 3233 5155 7459 713 9936 9302 7517 3691 1260 8560 7928 5502 3967
105 9216 7682 3589 9483 7456 681 2986 8116 9666 8659 1238 3942 3946 8814 4976 8947 6644 5880 5240
106 2752 1348 9605 8964 1415 7880 7364 6025 2910 3936 6306 3629 4209 190
107 259 2052 2181 6669 5774 3216 5668 5179 1987 4804 6470 205 9433 9711 5748 1019
108 2176 4162 2190 7506 6675 1496 7193 2722 5410 7845 8234 5356 8575
109 450 3208 3661 3982 2896 1874 5715 9690 3424 4132 552 6377 5998 5106 4093
110 6656 3073 6149 8722 6550 3612 8350 5799 7217 7473 8883 7762 7123 1752 4577 9978 5245
111 521 5898 1036 2962 9812 8087 8608 3553 1639 1837 4342 2362
112 9409 1859 4103 4299 7948 9563 9181 96 7137 7526 6695 2345 1396
113 834 4228 2897 7001 6810 8422 7852 2541 1719 9721 7676
114 7556 3462 2123 1998 7439 979 4627 2005 5270 7639 3184 5175
115 9793 9231 982 8668 4765 8671 3679 3364 5861 5546 1453 8431 8434 8444
116 2113 6482 5461 790 8220 2144 7653 3116 6573 3376 1585 3193 5501 7615
117 1289 651 664 6808 6938 6683 9518 3513 1728 2630 5194 4438 239 6389 3830 380
118 9291 7883 8396 7379 6425 608 9323 2414 9007 4594 1014 6458 3131 1343
119 3201 8523 3474 5909 2518 4314 3297 163 7598 5745 4915 7607
120 897 8193 3393 9807 9043 6296 2904 8029 5412 5797 6244 8815 372 9528 2554
121 4801 2949 8524 7632 1429 9820 9887 4511 2853 5926 1125 9003 9132 2545 3894
122 3976 7946 267 654 4823 7641 43 5679 5683 499 1788 2239
123 5130 4490 781 9299 1305 8090 3808 944 1206 3447
124 7680 1805 726 152 4569 111 9776 9073 7413 5430 4350
125 7699 6949 1581 9275 7618 5572 583 5321 9674 6479 2513 3166 3935 5862 1773 2041
126 6401 3074 8069 2191 9493 921 413 5940 8887 8636 9154 6469 6226 1368 7513 8541 7266 5482 9842 4214 2943
127 1668 5509 390 3656 6673 4567 9815 9819 6491 1382 4584 7153 9908 9021
128 3012 1613 5457 8146 2131 6101 6102 3354 6875 8346 1117 5024 6180 2340 1843
129 1292 3727 148 5656 1432 8220 5153 3378 3006 8387 68 4294 3014 1869 4176 7133 5219 8293 7269
130 1292 148 7706 7069 6178 9378 3752 6699 428 1080 4802 6978 8644 5446 8520 2764 2518 3543 7513 8812 5875 2422
131 5189 6989 7886 4946 8597 3158 5401 159 2464 7012 5412 8496 3441 3894 8570
132 6020 8521 6538 6991 532 3158 3609 6620 545 6698 3254 8120 447
133 4352 2441 6163 6809 164 1831 4264 5300 4928 8648 6346 9436 6621 3936 1904 5112
134 5377 8130 7751 4104 6160 3345 8658 6555 232 9713 5561 6270
135 5318 9094 4110 847 3541 6424 4256 5412 4199 2088 8942 825 702
136 3074 4231 9805 6608 2136 4066 4199 304 8688 8178 6896 757 376 8829
137 2 5507 2308 5384 2846 3236 3113 2986 1835 5950 450 5317 5448 7263 7293 5630
138 6288 2384 278 8343 3743 7205 3111 4585 6000 9265 5626 2555 9533 2175
139 2560 2753 8711 2184 2121 279 9818 4320 4658 6332 3390 3007
140 8320 6594 9349 4550 325 9802 2383 8336 6232 8671 6817 8105 7721 6387 6454
141 779 3747 2212 4397 9139 4788 2485 7736 8387 3012 6735 5467 2018 1132 3058 2677 9598
142 9353 5715 8599 4891 935 8363 3567 7408 1775 7160 8251 1407
143 2 846 6608 9618 338 4954 7772 2537 427 4652 9842 3961 9981 4607
144 3011 8393 1225 3792 6547 6487 2394 5564 1524 1340 7103
145 2240 5955 2313 9103 6367 4587 3374 6385 9075 5491 951
146 5258 5277 6438 1831 2219 8235 9270 1608 3528 8906 5838 6613 2923 1774 1391 6517
147 8068 4230 8337 7699 3158 8989 5474 4517 811 4590 1838 751
148 9152 4418 1992 5386 590 6992 3797 6365 6880 8998 1774 815 2807
149 3210 7759 5330 3602 2327 922 7517 3550 3043 2469 39 4137 4667 5117
150 3969 3012 6158 1744 1299 9248 7713 354 4519 9580 9145
151 1025 9475 2565 9480 1164 6797 6044 8733 3103 6817 427 4277 8373 9918 6464 719 3024 9428 5726 3305 5111 3961
152 642 4362 7949 6931 436 2740 7992 701 2754 8649 5964 7254 6103 2906 9050 4073
153 3009 9545 3146 5710 5276 7008 4389 6506 1786 9533 4031
154 9667 8772 709 1678 5842 5523 8223 9957 2871 6205 8894
155 7616 321 835 5514 5839 1626 9533 4510 745 2669 2288 3504 9207 829
156 5387 4501 4117 1437 2480 5041 3126 951 9400 7998 843 9809 3923 5848 1248 7142
157 6016 2699 267 13 7316 4501 7318 6938 6436 7599 7227 3910 205 7120 8406 3672 2649 4442 3048 6764 7423
158 649 4885 321 1478 3023 4944 2781 4324 2278 2920 2029 6001 9842 8562 4091 6015
159 1027 774 1294 1811 3862 935 6892 9903 9777 9337 3196 126 9215
160 3393 1731 4741 6406 1031 2892 268 3930 8994 4966 5672 7413
161 4035 3405 2388 1941 9236 8601 3673 2329 41 5228 6509 5359 9846 5369
162 4995 1348 7179 7064 9369 8413 8226 3877 6054 7206 6956 813
163 321 6020 3269 8012 7762 6170 6050 5284 6696 9259 9195 876 2480 8502
164 2 3780 141 5462 6295 1049 857 5218 7972 7914 6957 2616 4092 1343
165 5507 3012 8841 1163 721 8083 4636 2269 5471 4972 8632 828 6334 3199
166 2240 707 8131 9288 7183 4053 1562 3163 4573 2088 2028
167 1920 641 708 7752 7055 3153 5522 598 7771 1901 7604 2676 8571 1534
168 5248 140 8400 9363 352 678 2986 2795 2666 5872 4539 3581 511
169 1741 5905 5651 3413 345 412 863 3877 7334 3498 4779 5868 8762 893 8702
170 9538 5643 8203 9677 6544 5141 6616 2783 6569 2665 7790 8370 374
171 2182 2444 3731 1441 8226 8484 8869 7849 8117 5561 4925 1986 4055 1246 8427 625 5234
172 1223 648 6537 5515 3469 3665 5205 4950 9116 4647 1834 4531 9333 2806 443
173 9872 7511 919 4186 7776 6571 8365 2100 2741 2615 2685
174 8074 7570 7968 5801 7211 7856 437 3525 1611 4184 2008 7652 2662 3431 9842 4726
175 4491 5005 1680 2074 5287 5936 7606 8130 3395 2512 9688 3936 7009 2275 6250 365 1661
176 6913 1289 4367 7059 3736 6187 4284 321 4931 9685 480 5863 9968 2804 7419 8958
177 7820 2704 2837 5019 425 6327 3261 3263 8387 8516 8157 5477 9070 4207 496 1279
178 8198 4106 76 7756 6863 8145 2711 5655 8224 36 7341 6384 2288 4661
179 7944 7752 6224 2068 3545 1371 3363 5412 625 3379 3575 7353
180 8836 788 668 6301 5149 552 1963 2475 9005 6341 6731 7756 2382 5841 1117 238 637
181 2432 7553 8450 8135 7435 7053 5134 5525 2848 8552 2346 6762 9842 1278
182 3074 3012 5267 792 5595 6557 7263 8487 813 5869 3631 7278 2929
183 79 8723 7508 3801 3227 8480 2465 2986 5228 8250 3836
184 6851 5319 2440 3914 6539 4364 5135 6743 8156 3757 7534 8112 6197
185 1153 3586 8257 4036 7180 7505 7509 6303 3111 873 493 8178 3508 2358
186 2818 519 8914 9939 9178 5924 9197 4975 2288 6772 7289 828 4797
187 7296 7041 9600 9731 1796 8838 5895 2191 5911 155 7202 804 2986 4923 2759 7889 8282 2400 7652
188 5762 3074 8005 910 7315 1107 613 2215 2732 1134 2865 3637 8566 9663
189 3074 5192 5131 718 9296 1492 7646 2210 2662 6248 1193 6643 5748 9852 4733
190 6084 1413 7367 3926 7517 8990 8097 7142 8233 3882 5422 945 5043 4021
191 8386 7162 5715 3926 1956 3564 9455 175 1776 7919 9904 2102 1658
192 64 8193 4801 6022 4107 7949 475 3933 3681 7344 9970 6134
193 2946 259 1414 137 8268 7887 1042 8031 928 5096 9523 2164 6331 5373
194 9671 4302 1938 8852 214 8279 8930 4011 9646 9912 8507 1212
195 3782 76 7038 6109 6241 1634 4580 3174 4781 4720 7601 9842 952
196 2624 321 971 6289 4179 3795 6679 3802 666 8616 7658 4717 560
197 9090 5898 2570 332 9938 8790 3740 3102 7973 4071 2152 8490 5439
198 5322 2260 5397 7062 2839 601 3675 3549 7647 4340 6456 699
199 1162 5899 5902 7984 2617 456 3662 6613 1753 481 616 1130 626 7413 9463 8445
200 643 5448 79 7824 400 3032 796 5150 8670 4901 874 3959 1721 1335
201 2304 1538 4548 4044 78 79 7631 5340 1826 9256 2155 6192 6774 4663
202 9349 7880 6666 5902 2194 9627 8797 5341 1128 107 9262 6260 58 4029
203 640 263 9545 3722 2070 7066 603 1310 993 7340 1904
204 2115 9160 9803 4965 2858 8050 3766 6327 4345 1914 4604 8764
205 2951 8904 7049 3530 9932 4497 6545 915 3537 3032 1241 1127 569 8508
206 8067 8711 8587 3851 9374 3753 5682 4020 463 5715 9684 237 7539 1140 7285 8188 8830
207 4358 10 7575 1308 3869 9010 4416 3521 1220 8905 7120 2007 2399 4985 9834 1657 379
208 2690 9603 6554 5853 4639 3296 5671 4396 4333 432 3700 8635 6270
209 9608 6155 8331 4171 8722 1682 1557 7392 8226 3426 5802 9199 502 2745
210 7874 6086 8398 1496 3417 2404 101 4967 7463 8748 7476 1781 182 6647 6584
211 4033 8069 3659 1293 2391 1625 9562 2972 2844 2209 1251 9385 2538 8886
212 6210 9358 5715 4307 6359 4824 7960 3870 4450 5155 8554 3758 2934 5247
213 3459 6537 5449 208 1619 7968 9830 5419 2037 5365 2678 4537
214 8832 3456 7427 7683 3075 5580 412 8043 8375 1273 1084 510
215 9281 8259 1542 4047 2962 1556 150 605 2533 6571 8816 2679 6651
216 2819 8005 1606 1357 462 148 6101 4698 6254 9842 2932 8948 2999 4984
217 4170 79 7250 6611 5143 7895 5721 9372 6507 8686 6894 2288 7673
218 9930 4495 2192 79 1301 4886 9367 8856 219 4060 7007 4896 9573 1067 7863
219 9290 8848 4309 4507 7519 9315 9764 6692 3241 9261 3439 5171 2424 6140 9086
220 8256 133 7304 1933 979 9236 6996 8531 1172 4635 2396 3249 5555 1589
221 8579 3403 6037 7575 4985 2343 4071 557 4913 6258 6193 7859 1656 1145 3453
222 8193 9865 9676 4686 8720 7762 5715 1555 7521 1710 7025 1587 4095
223 7116 3087 6101 9692 3105 1574 2987 2799 1971 4341 6519 4793 2555 956 2495
224 2630 6153 6155 8395 2962 8594 3096 4063 1633 2401 4583 6639 9787
225 9476 6038 2072 4005 6694 1466 2240 3012 6983 8910 467 1622 6492 7262 7136 3052 7153 2555
226 5504 2240 3074 7181 3482 6171 9179 9829 5162 3819 3376 4977
227 2240 1157 6602 6923 716 3214 2201 4253 8994 1058 4721 9850 8574
228 6274 2307 6021 8137 2653 7781 6323 6579 7028
229 6468 4234 3023 4821 6623 3169 7521 4005 6373 7082 1075 2553 7036
230 7297 5186 1098 7499 5458 7256 3936 8289 6889 9644 8498
231 5825 4035 7240 5129 593 6482 2526 7648 8175 1009 1718 7161
232 2634 208 6613 4249 8987 7839 7713 6562 5537 9186 2288 6901 7350 5500 9982
233 7554 1430 1307 3869 3495 5416 2856 1452 9645 7221 3660 5715 9709 5869 1264 9968
234 4107 8598 2841 4505 1383 295 2025 9898 8491 1833 8750 8560 760
235 896 7426 1923 2324 8218 6939 2211 688 309 7868 2240 4314 8539 4199 3304 6897 4735
236 8327 3465 4752 4624 2066 1436 6327 9533 3147 6859 1871 9064 8041 7806 6770 4347 9342 9087
237 4097 7682 1736 5001 7049 8136 6613 5017 4444 9507 366 3830
238 1668 3916 3856 5330 6739 82 8728 6938 1627 991 7332 7338 4018 3835
239 6465 9545 9485 1233 5523 4437 1186 8176 5110 4670 8319
240 5389 1806 8533 6874 9759 1380 5417 7480 6074
241 79 979 1176 794 9755 2146 7396 6824 9706 2222 4400 4144 1787
242 6338 3842 1549 7569 4501 9559 5335 1306 8538 7452 2079 675 3371 2163
243 2240 5632 9224 269 1870 399 5138 538 5340 8674 7459 7780 1451 2288 2225
244 6404 9098 7949 5783 5274 6583 9273 79 2003 9940 3677 2282 110 4211 9333 759
245 2 6091 5390 6360 3032 1051 9435 7708 5730 2737 1142 2554 2685
246 5254 7883 3404 524 6671 4377 4901 6376 1769 8809 4459 9973 6135 2366
247 7240 9800 4175 2199 5785 8925 7393 1569 7870 8689 2938 8830
248 2327 5401 7455 5412 8293 1252 489 9515 47 6512 1586 6451 2747
249 2112 9219 4556 5458 5852 738 4771 6821 684 3379 1267 4087 9594
250 9733 4230 9606 6534 4619 2608 4787 3522 5067 1868 6605 5326 3281 9687 5738 2288 7541
251 1218 5329 1879 3543 1242 3419 9822 5022 3491 1962 5677 1774 1263 6325 7485
252 3080 8078 9487 8848 7829 5788 8221 6963 6070 699 321 2643 8149 3543 9703 1147
253 1984 3590 5589 4822 8859 7709 867 5925 234 1711 7153 4851 1269 1087
254 1552 1955 5030 8491 6712 1081 9795 5451 8651 1493 606 865 1385 8938 5744 3827
255 3072 523 847 5082 3356 6942 8994 6057 1966 4783 9393 5042 4340 6261 6584
256 7553 6785 1353 9808 8851 6045 7329 4834 6184 1647 5624 7997
257 3843 7045 9930 5780 8858 6362 3106 2279 8807 1839 9015 5498 3646
258 5316 9348 8200 656 3989 1571 8747 8044 8684 2798 3119 9137
259 4680 7821 3154 468 1047 4824 6619 9696 3616 9124 7664 4029 2110
260 6082 8451 3017 8842 5901 790 9174 6298 3749 7333 5099 502 4540
261 3716 4705 2085 935 8744 8103 4909 7022 8173 3958 3895 5368 6269
262 7040 2817 1154 7822 7952 7699 29 1696 3110 1855 5953 8644 1360 3670 3190 2681
263 4549 4118 5212 540 6046 2149 167 4519 2155 4210 1846 2486 5688
264 2976 2986 8876 4526 2611 1079 7224 4026 4414 8898 6082 71 5962 5715 627 5621
265 3714 4105 5716 9428 5528 8153 7004 9848 6585 5437 2175
266 8130 5446 4941 862 3936 4513 8614 934 6440 1449 2858 1521 5493 7864
267 3395 3152 2514 2962 2773 7582 4199 5418 3054 4216 3449 9661
268 513 257 3601 3221 6938 5794 1064 9007 2096 3510 6738 2771 8027 5351 9453 8431 9071 254
269 3343 9874 3219 4375 2973 2595 935 1066 7754 4689 1364 7126 6374 9838 2164 3703 2168
270 3074 1482 2059 2962 661 5660 9633 4393 105 4523 6063 6576 4020 5115 5884
271 8961 1668 1814 3355 4900 3125 2998 7736 7105 730 4959 6503 238 5232 7280 6899
272 7170 6786 7438 1551 6803 6291 5917 7968 2340 1972 9654 5824 8396 5715 2902 4199 2032 5244
273 2319 2708 5400 157 6692 8618 3505 7219 5690 5186 2002 5715 4586 6379 4970 7791
274 6662 1865 1354 5775 9615 18 3936 3750 5097 1774 5232 6326 9914 1342
275 5132 1557 8855 671 569 3146 5323 2254 3291 4960 6881 8549 4842 1137 7669 122
276 6659 1156 4108 2712 5340 6494 5728 1765 8304 2292 5556 8183 3320 9790
277 7622 6599 6790 7819 4054 9244 1246 6112 4901 9705 9007 8753 7670 8634 1534
278 960 2502 6222 7057 1618 6939 9244 6941 6875 9255 3049 2475 1261 7795 4027
279 8706 3850 9995 6798 8982 8470 7447 4400 9784 1216 2247 842 79 8911 5848 114
280 8452 4743 7561 1423 663 7451 1567 2985 9453 7533
281 6343 2826 1784 917 8214 9505 4068 7976 6827 8428 8434 4341 5942 952
282 3331 4606 1354 4882 6547 4953 34 9892 7086 2927 5615 4151 1531
283 6402 647 7702 8216 1953 7207 8491 3762 7347 2486 6458 2240 3909 6986 105 7156 5758
284 6531 3784 447 142 9107 2327 7167 5148 7901 7267 6633 1262 4527 6643
285 2114 6786 7438 3666 7447 6618 7709 2782 1059 5605 4327 8121 4218 4988
286 4610 4298 6426 6300 9185 6115 1383 4010 6251 7665 8124 6653
287 7747 9988 454 455 2377 6537 9871 2578 2198 2871 1210
288 7429 4624 1044 9109 478 30 5742 7023 7406 624 2933 5885
289 5253 5713 8274 3540 1877 7767 5340 2462 9567 2413 494 3698 8756 1979
290 3779 2187 6285 7438 6100 3225 7969 1570 9573 9765 9194 3950 1852 2877
291 5392 5027 7725 4787 2870 6844 1215 5062 9036 1364 8167 5609 6131 7284 1269 1405
292 3841 4 210 8275 6674 2842 4828 2341 2407 3314 3316 2749 2751
293 5250 6467 7490 2697 7949 2005 8477 1896 682 2091 6698 8890 1979
294 7296 6400 9007 4401 5946 3137 837 1739 1880 9947 2140 1123 229 5993 7659 6526
295 6528 3074 8645 7813 8217 5980 1564 2014 420 5604 7397 56 7482 8572
296 1794 770 4258 1445 935 8114 3507 8766 69 7880 1356 4045 84 9182 7530 2411 8812 9968 1784
297 2884 3144 7753 3537 340 7703 6935 5413 9640 7083 8309 8824 7933
298 3721 6924 2087 3111 4013 3376 4674 3276 7037 2383 5340 5214 6499 2791 9461 765
299 4869 7431 5064 5775 6351 2064 81 789 9621 1625 5796 9316 7163 4799
300 4160 5702 8134 3081 9551 8464 3414 1878 2456 5921 7862
301 1860 650 8586 8085 981 4252 4254 1125 2406 4973 3316 4407 7932
302 8774 9990 1997 4304 7762 6744 8742 166 6188 7213 6893
303 1735 2060 6860 84 1498 4319 7904 7975 2349 4208 9460 3511 6588 5756
304 7048 6029 9751 1150 9382 4777 7732 9013 5302 1083 5435 5959 79 8787 5979 8687 4336 3056 3835 1534
305 7042 1799 8583 8522 4312 1505 6502 1000 2489 9077 374 2038 5880 1209 3578
306 9986 8514 9285 4681 7629 2772 8986 3873 482 3696 183 9465
307 8005 9159 8716 3092 1303 3579 6680 861 8543 7525 7462 3047 5050 7355
308 9483 9997 4880 8852 7956 3232 2721 6064 2608 574 4556 4561 90 7012 8169 3839
309 710 9738 9611 6867 6677 8862 673 8362 6126 1774 9398 761 7999
310 707 8388 4616 9545 2249 7691 6989 6096 850 1683 930 1972 8892
311 2 1615 406 8791 983 3103 9407 2018 7715 9075 3381 5567
312 3074 7 1479 3411 3542 2071 3992 6170 1628 4337 9268 9780
313 4225 8008 3151 2001 5283 7652 1763 8423 9704 1961 3568 4531 4020 3771 638
314 6400 9987 4241 9746 9055 4774 7848 5293 369 7090 7155 5687 4728
315 6785 8387 4939 6157 6869 4707 6820 105 3307 2542 4785 8051
316 132 5261 4180 7775 6829 8498 5362 9719 9659 2557 9022 1471
317 2962 2600 7342 3386 4161 3012 8134 9931 7763 8278 7652 7272 5995 9581 4086 1782
318 8967 650 7883 652 14 8149 987 8038 5547 1644 9135 7153 3705 8447
319 6912 321 5762 4039 4936 5704 79 979 8483 2852 2150 7659 4525 5815 1534
320 9741 2962 2454 1056 4527 1328 9292 5199 6613 2647 2263 4837 5865 1770 6766 7409
321 1219 8134 8455 264 9034 1932 7438 1560 5211 3742 8095 6817 3053 4910 5686
322 8773 3671 7385 4958 5922 3428 8235 9197 4082 9075 5882 2555 5437 7034 447
323 8069 2757 5433 397 4622 9681 1365 1184 2787 5804 9341
324 5392 4755 6486 5719 6364 2340 8294 8106 7597 4156 120 8441 7288
325 1542 8462 2961 8600 9244 4528 3380 700 326 9173 8666 8290 3429 1259 9200 2673 7666
326 4111 4176 8090 5339 8478 2784 545 6883 5503 745 8506 6011 8316 5631
327 6724 5962 5643 7185 8980 8596 1623 7709 1950 353 7652 3943 2811 5566
328 3777 1284 3460 200 9933 5198 7965 4831 4192 929 223 355 4326 4786 7219
329 3458 6670 2962 5010 8212 5976 5468 1181 300 2290 8949 9979 8957
330 8066 3970 1670 8008 8139 5784 4961 7652 3877 2161 9206 9148 4349
331 8578 9224 5897 2568 5006 9235 810 5821 3521 8142 9040 7779 7652 7154 885 1528
332 7296 776 201 6668 3536 3792 8227 2467 7335 2924 5748 1204 4985
333 6089 7307 1484 7762 2390 8473 6567 2412 1454 4404 54 4857 3901
334 5762 3845 2894 2774 2969 6686 3365 8360 4714 177 9144 2105 6778
335 7425 8391 9403 2321 5075 9942 8729 2651 3751 6522 7675
336 6465 7817 9806 2264 5855 5920 5408 8994 3493 4270 3823 3312 7672 7231
337 321 6800 7610 3925 798 3552 1760 8035 9772 9133 2736 6130 5816 6778
338 838 6799 7959 5080 2970 988 2404 7143 6635 1646 6964 125
339 1793 5707 7436 1630 3745 9123 9511 552 4978 4855 6777 1978 3836
340 9089 2 8387 5459 6549 6455 5348 3883 3316 9461 5685 9783 9208 7743
341 3977 4956 5917 3806 9309 7078 2982 4843 7407 9395 2229 1724
342 1157 4486 4362 2445 4385 3386 8378 576 6980 2117 7770 4445 3936 1643 1774 7029 1401
343 1601 6083 6855 1993 4057 410 231 7912 8168 2218 8882 4531 7604 8893
344 2434 7300 6534 5767 5777 6613 9977 7000 6810 7652 8044 3897 2682 7039
345 4096 3211 909 9688 8287 1641 2605 4723 2361
346 8713 9431 2077 350 8676 997 1510 2668 4526 5298 6899
347 9025 388 4805 71 9031 1743 6034 4819 935 4456 6185 8491 3051 1784
348 964 1929 5772 1942 1686 1496 6685 3103 1915 3506 3700 3003 6268
349 3841 195 7 2058 596 7636 7075 3684 9702 2344 6827 685 5810 6840
350 1923 8210 8723 3100 2717 3244 3121 7602 4020 3268 2116 5065 2895 1367 6105 6492 7395 4326 2155 1515
351 321 8017 6034 8019 3739 7902 9442 2274 2663 6767 5045 3448
352 2630 7818 5370 3341 2768 2643 6676 9878 9623 1568 5541 1003 8556 6842
353 780 6925 8344 4890 9244 33 321 2114 4181 6234 4575 4463 7663 1400 6523 9470
354 4742 7051 5520 2962 5912 5933 9141 7739 2760 8663 111 9968 2287 8693 4344 2555
355 2050 8005 4935 5896 4683 2962 9065 1004 9340 1277
356 3203 9293 17 6173 1566 9056 1134 625 6067 4148 9270
357 955 7377 9492 151 8345 5339 8284 670 8934 8171 2093 7861 6967 7290 2750
358 8449 6467 518 7438 3794 2772 4391 9191 3562 8183 250 9723
359 320 9349 7880 3533 851 7127 2393 5659 225 6141 9585 9085
360 321 7628 7949 8037 550 745 3885 5617 3698 6709 567 3900 1085
361 4997 5583 1167 9104 2514 1372 5343 2085 7085 5619 6266 1979 4159
362 321 9163 7500 1625 3867 9948 2403 744 6762 1387 882 9527 9917
363 1668 4170 6929 6610 4369 469 3936 2600 8555 172 6191 1592 3261 1470
364 8004 6281 7120 4693 3099 7389 4709 5233 564 2297 6719
365 132 7699 8874 3128 321 8130 9545 7376 7251 8663 3293 9455 7668 5497 9467 2685 1790
366 653 3114 7339 9643 3371 9007 4414 3394 8140 5068 8014 8284 6630 9075 6388 4728
367 1041 6547 5012 8981 6423 7831 6560 3435 1134 4464 2484 1791
368 2 2118 8462 7381 2519 6233 2335 1185 9635 2670 9271 5311
369 3914 7885 405 1238 8551 1705 2223 7088 4080 7218 9075 8248
370 8512 8070 2696 782 9807 6170 2157 7797 3708 381
371 5504 9666 655 9362 1299 8151 8994 4134 2023 2855 1710 1973 9656 7481 7161
372 6144 321 3657 2962 5666 2857 1962 9004 7405 8370 1394 7219 9149
373 3074 9351 3982 79 6095 9298 7187 2197 3286 6296 1060 5860 9901 8759
374 9216 6661 2322 2067 9364 7329 7842 7728 1867 1101 2013 2655 5109 7542 8053 9982
375 9792 7744 8708 4040 2058 722 6047 8994 550 6054 3692 622 8052 7864 9343
376 5696 9731 325 6728 4428 3790 5519 3603 2907 3292 2975 2271 935 9961
377 2113 5386 4875 653 272 1299 3743 4712 2666 9007 2993 1907 9535
378 5314 1668 3783 6537 3535 535 1697 6052 8936 9964 3566 7092
379 6538 6541 3982 2582 9114 9440 9579 8564 3253 2167 8888 4602 1981
380 4481 9735 9351 6153 4129 9637 3885 2099 3765 3894 5715 8532 3159 3050 7413 2425 6267
381 838 3732 2773 2458 8927 8353 3301 169 5099 8367 9586 501 5239 888 2555
382 3521 66 8260 9545 6922 207 3285 9624 3557 4134 2478 3956 3705
383 1352 6986 5880 5656 8410 476 8414 926 3105 1252 9188 935 299 6071 4728
384 7169 7429 2452 4648 4778 6702 2867 9661 2109 63 8775 9172 3035 1892 5607 5880 3454
385 7684 715 3215 6672 6929 594 1425 2516 1375 9311 2737 2417 1205 1912 3006
386 9600 4035 6283 2767 5715 5652 8800 7141 4326 8297 2729 1905 2162 2551 7806
387 580 7429 3718 2820 7949 6161 2770 9301 7833 7079 2426 4213 184 4154
388 4234 5779 9241 6705 6971 2240 3012 328 1481 336 7259 3936 1137 7153 3577 1149
389 6530 7052 8460 5838 3032 5280 8418 9443 3113 4393 5358 6062 8371
390 7873 3905 9668 1736 5773 8077 6736 8789 8728 5788 9459 5941 4091
391 8512 2127 5840 2974 2147 8870 9129 6953 8043 4717 7348 820 1913 2047
392 3401 457 7245 6030 6223 2586 9051 5597 5533 3425 2472 7153
393 1025 9354 2186 5277 1959 3119 2992 5705 2141 5348 2276 7786 5869 6898 3830 1405
394 2818 8580 6473 8585 8015 9682 7448 1501 1956 4077 4411 764 7101 2687
395 321 1666 4560 6161 6611 5910 1178 7386 8992 4449 7652 7852 8302 7807
396 514 1668 7815 9610 7692 4433 215 2214 5867 3764 2165 1336 3135
397 4871 8714 2960 853 6615 670 9253 5166 9265 3638 439
398 843 7632 4883 4308 8406 8091 1757 5090 4901 4078 1139 9529
399 576 3715 2382 1231 6358 7383 8857 1822 7396 6060 5748 1657
400 9025 4803 5383 969 4688 7320 3932 9528 2810 123 8254
401 8899 4420 8900 7611 1175 6625 7716 1319 5747 5812 3572 2359 2555
402 8195 9990 2699 8973 8590 1042 921 5412 8361 2347 8108 5295 7474 6196 7487 9036 8148 8293 6511 6391 5880
403 9027 2503 1287 5904 9169 6744 2013 6706 6578 6772 6265 4731 188 9086
404 2376 7694 6421 6749 1377 8486 3240 1195 4658 438 2168 5563
405 3074 2698 3729 2705 7442 1429 5654 2333 5806 9778 4664 7740 7365 8013 79 8028 8429
406 3651 9028 394 8269 8910 4496 9301 8726 667 4574 8163 7723 1390 5552 8883
407 8576 2433 4423 5961 2827 8592 6495 352 6370 4586 7852 2926 8243
408 9543 6024 9416 3985 7265 8994 1832 5288 8618 3115 557 9013 7992 187
409 6850 3653 3463 5708 9377 6631 8505 3434 6903 7545
410 4873 9419 5271 3809 6563 3427 870 876 9007 5683 823 6650
411 7241 7883 1230 208 6613 5592 7321 683 2288 8690 634 252 2111
412 5060 6918 5962 1227 9041 5849 6758 5032 7720 6954 4651 2288 9009
413 321 4923 1369 2528 8685 4269 1328 9712 4403 3829 3894 2235 6909
414 1601 2 9218 4613 4681 2057 8907 74 1560 6434 1317 3175 4199 7545
415 3331 5194 8144 2395 5661 3106 1324 9199 5553 434 5622 6584
416 2 4612 3144 2577 2135 285 2909 9823 224 4199 2794 9649 3061 2744
417 3 4361 9848 465 7314 6873 5215 32 6178 2281 2735 8179 7864 574 1727
418 3267 3012 4100 7302 9694 423 2407 7537 6962 3127 5052 3261 767
419 8009 2060 6354 7572 4564 4311 9370 5038 8046 246 6459 6077
420 5257 9425 9233 6613 9659 3032 8349 7454 8489 4716 4589 9716 3963
421 2240 9991 7240 3020 6227 4056 4377 171 1647 5426 1276
422 2240 8135 5385 5836 1358 6416 2514 3197 9371 6305 8612 553 2483 5693
423 4416 131 3012 7108 71 8332 9742 7826 8150 6369 4898 9192 5869 9396 4605
424 2240 1931 3022 1937 5009 3025 6681 9499 9312 4581 1578 3885 5870 4847
425 9347 7691 7834 8092 5412 3371 8881 321 9153 1873 852 739 9060 2662 6891 247
426 8387 5126 5003 7243 2962 3859 3543 9885 9384 4457 9578 5288 6324 1590
427 1984 7686 7369 1546 4832 3492 6055 6888 2986 1083 6652 4285 1535
428 5122 7562 3663 4051 5913 860 5472 8612 7718 6380 7732
429 6413 7507 4437 7831 1624 7581 8030 4382 6821 8232 3832 6010 3964
430 8193 2 8711 4633 412 8994 426 4533 5700 5703 9555 5857 4971 2672 5241 9979
431 6280 8910 4572 2396 9318 1192 3497 6638 9593 9791
432 2 1174 9176 9066 747 1323 6381 492 9008 9842 7283 5119
433 5762 6920 2569 6282 2962 5268 1430 4763 2983 2609 5304 1848 5053 8256 6729 6744 3576 8573 6014 1279
434 3333 7239 8392 7699 3610 9313 8931 108 8238 6838 4150 5494 8189 446
435 3264 6592 6921 7949 7637 4378 7457 3053 2289 9335 5752
436 1105 1940 9689 7549 6049 2918 5350 6639 1077 4534 6970 9533
437 1349 6855 1935 2962 9244 1504 9187 4070 3750 686 1593 3579 7742
438 5960 6028 4699 412 6750 1695 287 8430 2030 1969 179 9205
439 4037 395 22 1052 5982 7713 2732 240 2875 6460 2879
440 6417 8082 2195 276 8850 1755 1638 5871 9333 3894 4985 3706
441 8071 9998 3728 2962 2463 3364 7851 8111 1072 2994 1465 8661 2659 3820 1133 8822 3707
442 6336 6993 8466 7699 5843 5146 2589 3168 7906 8738 5483 9968 889 6781
443 131 8966 6938 2842 1562 7199 2739 7997 5443 9163 79 6742 3804 6765 9972 253 2302
444 3717 9162 2062 5715 3415 6427 9821 485 9452 4271 6833 7732 3898 4027
445 1472 72 4168 2128 404 4695 5783 9245 2591 7652 7027 5492 8248 1918
446 4295 5706 3981 720 2392 4314 9184 5862 9766 2607 7087 1141 5500
447 7621 5064 3093 4504 5981 3044 6309 6445 4660 6900 3703 1208 5243 4478
448 3207 9160 6030 79 6287 3132 6355 1565 6687 1573 9770 118 6076
449 2693 199 4372 3541 4886 216 5094 937 6635 6196 3701 5558
450 1345 1092 5445 3149 1809 4242 3607 5466 4257 3939 3877 7210 7289 8700 4094
451 9548 3098 989 2212 6960 6834 4531 5748 3189 9206 6262 3322 4348 5055
452 5185 7233 5061 2887 8652 1685 3745 8172 6061 6574 1583 5553 8823 3004
453 8710 3527 6473 279 541 5856 7970 1129 3178 2555 6143
454 6212 5834 2649 8218 2270 7971 5737 6635 5168 2288 178 6195 6269
455 9728 5063 9740 912 2129 7899 413 6889 3817 9260 7789 7285 8252 8765
456 2890 3789 7060 7133 6687 5795 6311 2156 1581 2349 2604 7730 9270 6393
457 1155 1668 7496 523 5456 9943 2779 102 7410 5173 8245
458 4994 83 4692 8088 4890 7131 2017 9510 8743 9449 3308 569 5948
459 2564 901 3846 6344 3412 5848 6815 6054 3628 2353 9971 1722
460 3584 7296 1282 1032 6996 6048 1121 100 310 1081 5818
461 4737 2695 4552 2960 7056 6100 6230 5526 1439 2598 935 625 5429 6073 6459
462 6213 9424 8081 402 9299 8596 1238 3226 5216 6189 6771 8639
463 9219 965 5002 3596 3539 9244 4893 3232 9380 5034 751 7921 1780 9655
464 7808 898 7302 8711 658 2962 7458 3362 8614 8368 176 8503 5437 5062 8776 5065 1742 872 4591
465 3270 3846 4487 8341 7896 1752 2650 5534 3230 1314 6437 3442 8125 9598
466 7936 7431 6928 9532 8089 4314 9120 1010 9717 5564 3775
467 130 3083 273 3876 8878 5307 3643 2752 7489 8515 7627 6613 3031 7013 755 2422
468 9042 4243 3923 408 1240 6424 1888 866 5748 7349 3830 6014
469 9344 900 8582 8009 8722 8792 8803 6691 5224 1256 7920 7997 4671
470 7367 7883 8462 3601 3863 235 5995 1067 3377 311 5436 3582 4991
471 2496 5962 7566 8403 7125 3223 2978 7204 9965 2414 6256 3642
472 897 9722 4184 3163 9566 3877 8935 7336 5355 7980 3377 4730 4286
473 5251 7443 7253 1815 9816 5531 221 1122 5732 2986 6509 9786
474 9230 3728 5402 8605 4770 5156 9007 6836 9653 8908 4434 3683 5219 756 5754 3452
475 259 6021 2439 9993 9498 542 943 6448 4155 3783 5962 5847 5211 3936 9444 5349 1527
476 5507 8081 1426 3485 5032 3753 5291 8363 7855 3894 183 3271 9837 4084 1142 4475
477 4480 5771 7759 5457 7444 3222 4766 5097 2603 5483 4920 7806
478 2121 9619 7575 8536 5628 2785 610 3814 2990 7669 3580
479 6408 6476 2394 8034 6826 4907 3758 5999 3952 9400 7929 9533
480 7938 4034 3012 3786 7567 6547 6177 8609 802 6257 243 4340 2232
481 7874 6150 7751 9030 6952 7657 9129 6447 8049 6137 5308
482 1668 7434 718 1105 5662 8481 5989 4007 7351 1016
483 4929 6722 8770 5445 6534 1034 8528 5011 5657 8158 4079 8628 2299
484 9921 1546 5073 3220 8406 5989 5543 7978 5294 9584 7216 2939 1086 9279
485 1164 3023 8528 7955 6934 600 7899 1694 5407 3818 7536 950 7486
486 1355 7884 4558 5583 8276 2326 2911 32 7138 9190 6827 3894 4281
487 3265 1091 1095 4691 5334 5720 3033 3555 9007 949 8758 9464 5755 444 8891
488 4800 6404 7240 2121 7115 511 6672 6166 4313 858 5354 7791 2108 1341 255
489 4035 7749 8264 1610 5770 4429 7888 8978 2327 2652 6520 5029 4344 2684
490 135 9170 2580 2524 7652 4004 6502 4402 7285 3834
491 8968 8912 8920 5920 5412 7652 551 5997 9968 6065 3635 6773 4408 9023
492 9925 3288 7065 5406 6752 296 2552 6258 6134 8696 9530
493 321 4611 3012 2571 395 1297 979 9044 4001 6306 4782 1329 4469 3831
494 4870 8722 7698 6675 3101 7204 4135 5800 7738 321 7746 76 9164 4065 4203 8060
495 2628 9414 1746 7192 5412 3494 3303 6640 4272 7987
496 3520 6030 4815 850 7579 6044 8358 4718 5044 8630 888 3129 1916 9533
497 6154 3982 79 7503 1489 1939 2134 1632 6054 5163 8812 6714 7996
498 1858 5848 159 2272 5793 7204 5605 1960 9129 3625 6968 7358
499 1281 7234 5637 2568 1675 8269 2905 5152 293 871 3821 4916 6836 955 7677
