500
0 2242 454 6216 79 7055 6101 4248 3486 2340 9323 44 177 1203 3514
1 329 2384 8403 597 6045 5408 9377 616 936 1005 9842 6643 6202
2 8133 4679 4182 8342 90 8605 6760 7659 1964 5804 9007 2358 8765
3 9090 2958 7699 6676 5782 2202 7461 935 1071 6204 2371 6613 7893 3817 5101 6258 116 6772 8309
4 8705 4870 1940 3287 4057 9689 5339 221 8486 7143 1962 6572 3515
5 4359 5384 7709 7710 7846 6571 6195 4032 6611 5715 854 7516 2288 8176 4855 7930 9979 124
6 2369 4226 8387 7490 4939 355 6825 5430 6327 8186 2555
7 3468 7180 1686 1174 3484 6047 3616 6582 321 5445 6346 6613 6748 9821 4320 759 3581
8 321 6150 9800 9801 5968 420 4580 4838 5479 3178 236 7087 8881 1598
9 4804 7756 2766 6677 2581 5086 6505 3954 3060 9206 1979
10 6914 3461 2890 6734 8722 2392 9116 8748 6258 4979 3122
11 4929 9160 1289 650 2065 7314 7451 2532 8252 7026 8439 3579 1980 7101
12 1538 3522 8071 2962 7965 3937 8994 4069 1650 3318 1916
13 8453 1491 5206 1433 6938 4516 6187 822 1272 5113 9018 5117 7615
14 7553 6085 4628 3095 7642 3745 3877 4840 2155 9773 6967 5622 254
15 1668 8711 5134 30 3504 691 3379 2240 8897 4801 7365 1354 8140 8281 7391 4456 9713 767
16 3074 8263 6729 9678 9428 8918 9881 6105 5925 4455 6889 9645 9202 9533 1983
17 1477 6923 5451 2898 8661 5849 7648 8677 9320 3944 4985 830 7807
18 9796 9926 712 8794 3811 1898 427 7210 5933 1775 7285 2807 4286
19 3208 9357 5072 3797 8406 6299 7519 4836 8188 2415 2289 4081 6641 4340 4664
20 785 6549 4765 2729 7217 5815 6982 3408 5716 8153 4959 1130 6635 4973 1009 8183 8314
21 8844 1871 8784 2707 7722 8556 2483 3892 8373 1531 639
22 965 4295 6347 3660 7791 9968 6133 6198 4662 2491 61 8766
23 4999 9609 3352 1436 9501 2205 285 3501 1105 3540 6236 7153 3839 503 7289 7679
24 4676 1925 7049 9104 5993 8428 6764 366 819 4212 7478 4222
25 329 719 79 6736 6743 6617 7197 7139 8931 1571 9193 5297
26 5962 4311 8600 5596 5407 8672 362 4851 8308 8058 7676 9021
27 6208 2049 7682 1032 2952 5834 1864 8529 7652 2986 9398 9467
28 4354 518 7687 8843 7438 3089 3602 2717 8350 4514 5412 5030 557 9270 8684 2936
29 3074 8842 2959 4886 8989 2788 1957 9254 6633 9834 9835 5880 7291 7423
30 2 9244 3875 6700 5552 8372 2870 6584 8125 5698 5962 8531 4698 7653 8549 6389 1661
31 7936 4486 5258 4044 8209 9554 6101 8043 6956 2797 9775 4079
32 7616 9161 5709 7056 5584 476 1763 3877 6248 8364 238 2288 9716 1208
33 3074 5507 3395 2696 9545 5845 2197 1496 4504 3291 3108 5869 9518 1715 8703
34 5700 79 4755 8659 8473 1953 7213 6253 4912 9904 3251 6451 956
35 8832 2057 3086 6671 1299 9758 8612 5798 3757 2863 9026 5327 1124 5735 7153 8693
36 5250 5635 6020 1552 2203 2340 2601 4411 4671 2240 979 4567 2008 358 2155 5996 5359
37 8134 7883 6546 980 9815 5912 2464 8356 4901 9957 9260 1267 2232
38 1665 8901 1800 5326 4819 3284 8282 9244 3165 3813 4266 9708 876 8119 2617
39 2 7560 2325 1572 4645 7352 838 5703 2640 1624 4193 9443 8683 5356 9583 7795 9464 5887
40 6355 734 2911 3748 7782 2728 7851 2860 9453 563 2676 501
41 2956 5526 793 5293 1336 9661 9533 3521 7630 2900 1110 6241 7013 613 5868 1787
42 3012 3081 9548 5775 3863 26 7839 8416 8676 1956 8740 935 7721 3630 2747
43 8517 2962 1554 4572 4957 4639 2915 9830 937 2030 7476 2423 8891 4798
44 4289 3012 8004 3338 4879 1043 9367 411 9883 1181 8289 4901 7354 4539
45 5122 6727 3850 5772 8942 5870 3120 4593 1330 312 6075 8125
46 6592 8646 1352 528 6547 7713 4258 5220 8294 8428 7860 1140 9211
47 7939 6049 6946 554 6190 4015 9652 5565 6729 5454 2149 6893 9710 5104 7153 5490
48 3789 592 3411 538 3363 3238 427 2476 559 9842 3507 372 8377 7484
49 1668 5899 4624 9301 3357 3805 7263 2846 5218 7012 6632 1576 112 2424 5053
50 4928 4993 3841 4488 8781 6805 4314 925 5985 9968 8307 6131 633 5502
51 4544 1874 7320 537 484 5028 7399 7601 2355 3379 5247
52 4612 8713 2962 1822 8609 2468 8358 935 4914 7355 9404 5448 715 6741 1749 1498 8924 4326 8447
53 1865 3602 6035 7765 4377 9114 6818 2276 6953 8491 3371 5807 7605
54 9665 9931 9848 1743 6160 8344 6941 8095 7137 935 4216 5370
55 9863 3144 9737 2570 523 2317 8911 2643 4055 9443 8175 9842 3894 2746
56 3588 265 139 6030 8996 4522 4781 4786 3778 8137 6100 7252 5341 4199 9071 8688
57 5251 3012 9798 6973 1038 7951 2458 542 8031 1441 9007 2108 253 8831
58 2240 8257 7617 5003 783 7696 1501 7710 1247 9516 6001 8053 2297 5563 831
59 2 8841 394 8858 7970 9903 569 6201 2765 7247 6490 743 1770 1774 9583 6270
60 1668 5639 3080 5580 6161 6808 6952 1834 2486 8952 6074
61 5893 1670 5783 5018 6692 5559 4672 9544 5195 2643 3285 5097 3690 2156 2288 9722
62 7298 3651 326 3596 7950 4310 5531 9828 1829 4199 427 6260
63 2752 1668 1034 7443 8343 6234 32 548 9636 2790 8614 3176 240 569 2875
64 9364 5149 4068 6949 5670 2986 8557 3951 8189 7091 8628 6391 4733 511
65 9615 5138 5780 6815 7464 3117 3249 5171 1719 9917 3266 3795 2909 5219 5605 5483 4204
66 3584 1026 6084 2438 6409 5261 1040 4372 1750 987 6940 1117 5867 9137 7357
67 5891 3845 7055 1425 4628 8470 674 4771 425 3241 7598 2223 1840 441 6336 2001 3679 2790 2539 3950 9842
68 1154 7949 2577 4647 2986 4909 9648 6458 5435 7876 4569 5724 5981 9312 3961 1022
69 2240 4867 8579 8663 3613 1256 9514 1134 4462 6258 1590 5431 8894
70 4480 2115 5187 7767 3354 7657 2409 4845 690 2301 8062
71 9742 4629 9047 2908 8039 360 8043 2926 113 4855 4089
72 9347 771 9103 1305 5660 4893 8355 703 3521 2375 1367 3545 3048 2161 7413 3963 4606
73 6785 7945 5652 8407 7909 4199 4903 3432 9453 2544 9846
74 4608 2240 3077 1611 2892 6412 1948 286 7841 2403 3752 2865 436 6076
75 5889 838 4556 5840 7381 8089 8608 934 6630 9066
76 2176 8969 2576 159 2721 6309 2600 8495 3144 8265 5715 6360 1502 609 8185 6650 6014
77 3909 5257 3538 917 5982 3877 8040 2152 4011 9133 7023 5748 4923 7038
78 8961 9604 5126 2321 3360 9007 3637 310 9805 7762 469 8150 6626 7652 1644 2426 5884
79 385 5762 4481 770 7240 7688 79 3741 6053 3047 2983 3056 8371 5300 5183
80 3650 2 3781 1031 3023 1685 2902 3349 5721 6433 3746 7792 6257 4988
81 524 7949 4494 4626 5141 6042 5540 8743 7212 9903 6978 5837 8800 3937 9955 9965 9842 5748
82 1608 6861 5519 465 7699 4053 8982 3864 2972 4127 6000 1397 5437
83 4352 387 7302 3079 267 9470 3743 6696 311 1722 451 3277 367 1139 2549 6910
84 7296 1287 6798 2962 3222 5278 935 5674 9132 4532 6346 5715 2643 7393 6114 5219 2150 9836 3320 2559
85 9218 6979 8644 6598 457 6737 2962 9555 3991 6680 1847 1019 9405
86 1859 6021 9605 5645 4493 9249 8994 2212 5351 6255 3509 4280 5695
87 2307 8837 7946 4245 8491 8238 5301 951 8260 3278 9692 7147 4719 6390 4345 8319
88 1669 3016 3209 4884 2580 7004 7456 4517 4078 8431 9139 4470 6330 7167
89 6465 5635 9028 4293 6926 925 5277 3234 4199 7787 5678 6640 5108 7615
90 8385 9669 8134 8782 8083 4442 1179 3554 5923 3812 427 1454 9594 190
91 3456 6538 9994 6418 2966 6827 8749 4909 815 7864 3268 4945 1255 2412 2288 6002
92 5632 9097 1147 4760 6311 438 1343 2240 321 9027 3018 6224 8022 7281 2677 4987 4350
93 8898 4741 1353 7120 3476 2879 9751 728 217 477 8681 7530 1579 1791
94 6144 3842 7949 4302 532 5909 6168 9688 9628 5603 685 2674 2555 3836
95 4672 8838 5639 1610 2764 4178 6547 9938 1429 6628 1577 6249 9138 4988
96 3077 4037 5896 1230 6545 4627 5524 9111 9244 5792 4641 695 1463 4027
97 1728 2052 6406 6216 4622 5777 9181 676 4324 3758 6774 7673 7161
98 2240 7874 323 5448 1806 9244 738 3619 1774 3375 2099 2615 3129 316
99 6534 3723 6029 9869 7311 6285 3726 7333 946 1988 8134 5193 3791 3792 5713 3045 6266 5117
100 9347 1668 2629 4886 7894 5146 2140 284 1702 4391 1452 7469 2175
101 3266 7235 3334 8074 7373 9174 6424 9498 8994 7077 3818 6574 9199 4797
102 904 7307 3607 8098 9006 1339 8125 3393 200 202 979 9048 2010 8168 9332 895
103 8264 9423 7190 670 5409 9956 8998 9834 8626 3123 1979
104 8067 2566 9608 268 9101 5391 5155 2732 5816 713 977 9302 7517 2019 3303 104 1260 3967
105 9615 5393 5662 7456 2986 558 8116 2101 9666 6082 6351 7892 9444 3942 9065 3946 8814 2551 5880
106 195 2308 5 7880 8142 7889 3936 9130 9200 4209 6578 8050 6196 5690
107 7045 6790 7434 3852 3982 3216 8848 8724 5821 205 9433 7012 9711 3316 7160 6393
108 8448 1345 4807 3533 8530 276 6038 7845 2406 8490 8234 5369 2685
109 450 5831 844 3982 2896 5715 1369 2265 991 3424 6377 1769 5998 8249 6523
110 6274 6024 2070 7968 5799 300 9395 6329 7755 7762 7123 5973 1752 6627 3313 9978 4092
111 463 6289 2962 3156 9812 212 9050 1310 5604 4966 2362 767
112 5316 2569 2571 2318 1884 5092 7526 9510 8618 4399 3441 3772 4350
113 3458 4418 6149 1670 2182 1871 8466 7001 4842 1708 4159
114 6018 8202 1998 979 6611 7126 9945 9379 2534 5175 2680 8893
115 517 4045 529 82 4765 6879 227 5861 45 6829 1079 9017 2555 7743
116 3459 9720 3081 9806 1808 2333 6110 6176 1067 3116 3376 8951 2808 6330
117 1289 7055 8208 9490 6295 6938 6683 3513 6724 2646 1118 1773 1524 3830 1273 380
118 5505 8006 5192 7753 9738 9291 7883 2060 7379 921 545 9007 2621 1343
119 3907 4294 136 9809 1368 6945 7598 4720 3126 7864 3577 5178
120 128 7431 9160 9103 5458 6296 3673 861 6623 8226 5412 1125 5033 9199 2111
121 5442 6404 8907 7949 1429 790 4511 3170 5926 1256 7848 2545 9075 7221 4285
122 5446 776 9555 3987 9697 7586 8939 9644 7467 6830 309 2239
123 773 9414 9224 9354 6986 3022 5903 3681 4333 944
124 2122 9746 726 150 4574 1826 9325 7413 122 9598 3071
125 5894 3337 7699 2079 6946 9786 9275 2244 5572 583 7501 4173 2513 9425 2652 7671
126 3074 8069 8461 5658 9633 5813 8887 7610 8636 5950 6469 8652 5966 3409 4308 1368 5734 9842 7795 4214 2943
127 2883 6852 6022 3656 5259 5004 2635 1174 9819 862 7153 1907 7732 1973
128 3012 4805 4868 1866 1167 8212 6101 283 1117 5024 6180 2340 4463 3319 7614
129 1292 3727 148 8212 5153 8387 68 3014 72 7883 8669 7133 5219 8293 6503 5740 6386 3573 7039
130 2305 2052 8452 3610 7069 6054 2858 2734 1335 2750 8520 7369 2764 3543 8812 9582 8431 2414 7151 499 2422 380
131 4162 7886 8853 9750 4765 1374 6687 5412 486 7852 5040 3894 8121 7162 5887
132 3527 6538 6731 6222 3153 2322 4180 792 6246 3631 8179 6580 447
133 4352 2066 2965 8861 1831 6184 8111 6621 3936 482 4858 7403 2158 3184 9337 2810
134 1292 9293 8337 3226 1888 2977 6499 8297 3374 625 505 3580
135 65 1095 5385 893 847 6614 5412 4901 489 1969 8248 6458 6461
136 3074 8770 9031 395 788 1237 4066 2919 4199 4779 9580 6896 8055 9149
137 2 5507 9481 5133 402 9619 5023 4385 2986 1835 3894 3013 4677 5842 8574 5375
138 323 9732 2568 787 3355 3835 8224 3233 1007 6899 6134 5626 2555 9533
139 8320 9858 4614 8711 2184 2121 7628 7508 475 4704 5988 9380
140 5826 9349 5062 585 5322 3085 7569 918 8671 9954 4905 3370 3753 697 8445
141 6275 779 1931 5390 4397 4401 9139 2485 7736 9154 8387 3012 2127 6099 5467 9596 9598
142 1615 5715 9569 935 4969 3567 6962 4274 8757 246 4151 6010
143 5953 2 835 7174 6608 9618 6809 4954 8028 6502 2537 427 9842 4413
144 6532 6547 5334 6487 1765 2920 8235 4974 4785 6652 5244
145 2240 5825 8003 3079 6608 8722 658 6040 1121 1314 951
146 2692 7952 1170 1301 6296 1831 2219 8503 3387 5193 6613 6762 2923 1774 1391 6517
147 519 9735 6738 7699 3604 2198 3802 5088 1252 9124 2599 61
148 6400 1092 8773 3784 5384 8329 3084 1306 172 9837 1774 244 8505
149 7168 4865 6528 3210 7759 2327 9432 732 3550 2147 9073 116 3255 5946
150 7681 3012 135 5770 9931 1299 7713 4721 882 183 5628
151 1025 9475 3 6797 1562 6044 8733 3103 7200 6817 1572 427 1720 9918 1471 1745 9428 3546 8795 5860 4970 2411
152 8193 4362 7949 4749 6931 2725 2229 7751 5964 8532 6103 2906 7772 7670 1400 6527
153 9545 7759 2262 7780 5739 6256 2871 1786 3195 6588 9533
154 9619 2582 6423 3426 802 8421 5095 2735 4337 437 5560
155 321 8519 2568 5514 2698 5839 3283 5975 1626 9533 745 2288 889 829
156 513 4501 662 1437 6056 2480 6327 2880 843 2774 4317 1248 6113 7142 234 7159
157 7554 5636 5125 2699 13 1934 5521 4501 6938 6436 8231 7599 3895 8125 6855 8904 5068 8406 7013 3304 1790
158 6545 1950 4004 3110 9129 8510 1217 321 6851 8391 8660 7269 2278 5989 9842 7932
159 259 4740 1294 3227 8157 2211 9315 5862 935 295 6568 3243 2878
160 1731 9159 2892 9484 2574 5653 1430 2522 4832 8994 6054 8818
161 3392 8706 4035 3270 6290 1172 2071 3673 8987 4828 5797 5992 5359 8948
162 7179 5326 1431 797 5151 1764 3877 6054 5543 1328 4272 1016
163 321 6534 971 7762 6869 6170 5212 7134 1443 8230 1640 5609 9385 5357
164 5248 2 6787 3586 5462 8729 1049 4907 8109 4978 2616 7034 3192 1343
165 6660 388 3012 8644 4636 2269 3199 7969 4199 4972 9208 7226 6332 3007
166 2240 6656 7174 6604 7183 1295 3028 3163 8220 4573 2933
167 1920 9472 1296 83 4308 4821 3041 867 5668 2085 6509 5553 3377 1534
168 1668 1557 3543 281 6554 2589 1638 4327 622 5679 1262 2679 3774
169 2693 6922 396 9295 80 4944 7698 3413 412 863 3877 2854 9259 6768 8702
170 3969 6468 6153 1617 1106 8340 2971 8605 2911 2412 9008 7344 2870
171 2562 2444 9233 3731 2712 6174 1986 5064 6861 4822 6487 5341 1246 3808 8170 5234 8829
172 6 2951 5515 2894 3665 8406 6551 5855 4647 2160 4080 1843 4531 443 6077
173 2245 1607 3340 102 8360 3757 4784 7089 6577 2615 5052
174 3584 5381 4377 1183 7589 7856 6074 2876 446 3525 9175 9178 2266 7652 9842 4726
175 9733 9115 5538 7606 2105 2491 8130 1741 5198 9816 2651 606 3936 6496 2792 4844 3052
176 2828 4367 4117 1942 8221 7072 9252 6187 4284 9023 321 6980 6739 9685 232 9968
177 142 6415 2704 1307 6045 3261 4160 8387 1751 2264 8157 5474 3820 1645 7029 1279
178 9216 833 8386 1412 4683 8145 2013 3106 933 1192 7720 5482 2288 9912
179 7169 4365 2135 7639 3934 5412 625 1845 3575 4793 379 511
180 9986 1411 8836 8212 2458 6301 1963 8883 8761 4808 3529 3670 3290 731 1117 4583 238
181 5696 3012 9032 7053 4433 6999 1761 3747 5158 810 6324 6516 9655 3069
182 4416 3074 3012 6989 3405 9551 3857 5595 6557 8487 5866 1206 8762
183 8773 5962 79 3543 8481 8934 9790 553 1898 5037 5566
184 6789 2951 2440 9164 5135 847 4953 8352 9185 4592 6197 5366 6454
185 1153 5698 324 4036 4562 3801 9627 6303 9248 229 873 5099 6385 6321
186 3008 7289 6215 7819 7057 789 3169 4066 1964 2288 8306 7285 7417
187 7296 5895 6537 7577 7202 8615 2986 7233 8131 2759 9930 1611 9676 2137 7652 485 8298 1004 1145
188 5762 3074 3603 1107 7699 3225 4264 1134 4528 7920 4789 6970 2939 9087
189 3074 130 4355 9740 4622 343 3422 4707 2662 7335 4326 1193 9642 8042 5748
190 9873 3926 9239 5145 7517 8222 7201 4965 3173 8233 2095 5876 2236 5694
191 8768 7048 141 1807 5715 857 4060 3677 1694 3359 1565 1956 5162
192 7684 8201 2505 8651 7116 7949 8841 6802 6482 1941 5537 4587
193 3265 1546 3403 4300 1042 979 8789 8342 3164 8797 6750 6895 6326 6331
194 8968 6673 1939 8852 8279 667 8930 168 6573 9646 9010 4984
195 3653 7050 76 3154 7320 7769 6109 1250 2726 1390 9842 9015 5055
196 321 1219 8464 2512 1241 4379 3232 7658 560 8690 3958 5433 3326
197 3015 3537 8790 8409 3739 6685 4071 2475 1710 307 7027 9593 7290
198 6528 1476 4421 5767 5322 9610 6747 7647 8480 1060 167 60
199 9348 3720 7304 8078 6692 8754 8117 1614 6613 3030 8278 481 8169 501 9463 1534
200 4427 79 6360 1754 9052 796 5150 8670 4901 2866 9332 3383 5176 574
201 2304 2496 1465 7631 79 4187 2014 8293 3761 4594 1784 6137 7293 6398
202 4933 7880 5064 272 2194 2018 1380 6061 6958 6130 9908 6838 7356 2045
203 3648 6848 9545 603 100 4709 2858 6826 1904 252 7165
204 7607 8708 6725 2182 9160 7370 5335 863 3365 7922 9522 6327
205 9670 2887 3530 7117 4497 1041 2904 9215 2910 6519 569 8508 4541 8959
206 782 3728 5014 4507 798 5682 4020 8885 2487 1979 5715 3043 237 1140 7285 247 6778
207 8193 6281 7575 1689 5033 8494 9521 3776 6087 3913 7120 5211 9311 9186 7779 8815 4985
208 2178 2690 2383 8787 8601 8478 2732 8493 8113 2929 5364 3700 8635
209 6913 834 965 5255 8722 2659 1383 748 2413 9199 7216 7991 2745 8699
210 7623 776 6860 8398 3417 7706 8538 4967 9197 7731 53 1781 6584 2681 8570
211 4033 7234 132 5768 5269 1625 2972 6940 3109 678 6567 5351 2538 9465
212 8776 6921 5961 4104 5715 4824 5337 5726 7903 9638 5035 4591 3262 3391
213 9156 208 3984 8469 8087 2721 1959 5869 494 5365 9464 1914
214 7177 1932 5645 4561 90 412 2462 7396 9461 4278 6647 575
215 8580 1542 2125 2962 5268 6104 6237 2785 5163 1646 7921 8245 6844
216 8005 9222 148 6101 5022 4705 6254 2606 2286 9842 4851 1908 3061 250
217 1984 6721 7178 79 1364 5909 5589 675 1447 872 2288 7025 8310
218 7692 79 5008 2192 1301 4060 2141 7007 1631 1185 1058 2857 8810 2736 825
219 9408 1601 7754 3280 1050 6625 3172 2855 8681 2155 8686 496 2994 9654 7868
220 133 3274 5643 2960 146 979 9236 4635 5730 1762 7336 5295 9264 1589
221 9282 2958 3921 17 1624 3999 7713 3427 5669 2343 4203 625 6258 4985 3453
222 6474 8720 5715 7065 2844 1120 7521 1571 1710 7153 2609 5555 4095
223 9664 6402 4232 4623 656 7001 8539 3745 8807 6124 6963 1971 4341 2555 8062
224 3520 2630 9480 6153 7500 9422 2962 7771 3421 1377 296 9515 9528
225 1799 8332 5388 4133 2877 2240 3012 8910 3537 2004 1622 730 6492 7136 9056 7153 2555 5245
226 2240 3074 9043 8341 6632 6510 3376 7090 5494 3446 1849 954
227 2240 9281 6730 6029 4253 1566 8994 1058 9898 4269 6903 56 6141
228 9665 1542 2697 8973 3288 3100 7347 1587 7997
229 9034 4234 3023 6163 6681 7899 2077 4449 164 9253 5615 4983 9726
230 650 6033 3936 1121 3552 9644 3506 6775 1529 6778 6140
231 5888 4035 2246 7240 655 5456 7254 7392 3044 8175 5295 4343
232 7173 4491 4684 208 6613 6359 2463 7012 6698 6250 5615 7026 4788 8125 8382
233 7558 7955 7318 2850 5412 5163 6060 949 6842 6224 5200 5715 7253 1125 9709 7929
234 4036 4107 5263 8914 5780 8598 7575 8927 2025 8491 8750 760 4795
235 896 4867 6939 9889 2867 2240 8896 4674 9036 8917 4314 8423 4199 3304 6897 757 762
236 7811 900 6405 4745 3465 4752 3474 6046 684 9904 6327 8636 9533 3147 5463 4958 9064 4347
237 6790 7049 2634 147 211 6613 5017 4444 631 5418 3830 5881
238 8832 1668 8517 966 1353 3916 3856 5330 6936 6938 992 9256 7338 7863
239 786 7316 4437 8086 5338 9056 35 8037 2155 3439 9721
240 467 6036 7448 6767 9395 4468 8825 9083 1084
241 9920 3523 79 979 5911 1176 2146 6824 7272 1263 4400 5618 9970
242 6338 8711 6343 4942 6421 9559 7709 3358 9772 2163 1204 2809 3326 6143
243 2240 7172 399 2191 1212 2389 3803 5340 6699 2288 2225 9840 1593 8634 9852
244 7949 7205 9008 8753 9273 1992 79 3535 8286 6244 7912 110 753 116 6134 2938
245 2 5124 6021 7122 5651 5719 8793 7833 9115 8163 1132 1142 9852
246 1098 5771 8653 9230 2518 4901 5286 6376 1454 7663 7348 8949 439 637
247 6722 7240 6846 6671 5456 5656 6705 753 9333 1085 8830 8895
248 1344 2319 2327 5272 5401 7455 673 5412 8293 6770 4916 3766 4091
249 2112 7237 2190 2446 5458 2388 3543 220 5793 8869 4971 9711 8511
250 6534 9606 4230 4619 9107 2868 6082 8901 5702 9543 5326 4941 8146 998 3049 2288 4596
251 1218 5381 145 1242 8987 3419 9822 5219 2917 5677 1774 6452 2614 9207 7036
252 5902 9487 7463 1717 3256 321 6348 3023 6226 2643 468 7637 2521 8052 6904 4349
253 1039 211 405 7961 541 7709 8292 2155 8300 1901 7153 3188 1782 2873
254 259 7683 518 3983 7064 1561 8491 6712 9795 76 8405 865 492 3827 8307 5501
255 845 3666 3356 9505 8994 3431 6251 686 5358 7998 3634 4340 6584 5374 1855
256 2128 6417 6354 7267 8552 6001 9715 9780 7155 5624 6073 7997
257 3843 8197 6663 9930 4693 3106 2279 7975 5995 1839 4210 1015 5498
258 2947 9734 8712 139 4108 2829 7135 677 188 7028 4407 4220
259 7878 9990 1146 5964 1680 6875 7389 9696 4513 5090 5872 8306 9523
260 578 8451 331 5901 6756 3749 804 39 5099 4011 3125 502 4799
261 8580 6470 2822 535 9114 668 3549 3102 354 935 8744 178 1015
262 1666 9219 1159 6666 9868 6924 7699 5803 8644 9671 7243 9549 4823 5465 4077 1138
263 9292 5265 4118 9632 8440 7459 874 8108 4342 4727 1846 1979 1276
264 8708 1681 5523 1697 2986 4526 6447 1586 2611 7737 5962 5715 4436 5587 3296 8574
265 7232 641 7236 8197 9224 1935 6928 4823 8153 9848 5437
266 3721 4941 7888 2001 9878 8023 5785 1055 3557 8491 5999 9265 7474 4728
267 6530 5899 2514 2962 4695 921 3363 9317 4199 3054 8758 3449
268 513 5907 6938 1698 7333 1319 9007 9653 3510 8516 3155 8027 2028 9453 8431 1396 3837 1407
269 6401 8583 4375 2973 935 1066 7993 4282 3025 7126 860 8168 2164 6261 8056 761 6270
270 1 3074 8581 4679 264 1482 2962 661 6494 105 6063 6576 4020 8247 4281
271 1668 14 148 9237 1316 2598 8622 3125 7736 7105 9684 2393 1375 878 7280 7931
272 7170 7438 1551 6162 6676 4765 545 2340 2600 8502 2756 5715 6102 7000 866 9698 4199 8697
273 6786 4361 522 5400 1445 3505 7219 4551 8776 2002 5715 4326 4586 6379 1903 4602
274 6654 5775 9615 8912 6359 601 3936 8995 5607 1774 6511 8118 4670 6783
275 5132 4632 9371 4271 5554 569 3775 5445 3146 5323 4439 4828 9191 1137 1401 9470
276 4108 5389 8858 3547 5340 8938 813 2292 8700 7414 9657 7356 9790 2687
277 2433 6082 2050 7622 6599 3982 5455 6159 4054 8406 7131 9244 291 9007 1332
278 6464 1220 2502 9616 1618 6358 1496 6939 9244 6492 2041 6883 5801 9785 4027
279 646 9995 2189 8470 4261 7976 4400 9784 8122 1216 7372 79 5848 349 5232 3700
280 7561 7115 9485 1423 6417 722 471 2533 3760 5621
281 2624 8002 6544 5333 3862 6551 4824 6614 2970 8736 745 6827 7085 6642
282 9344 514 9169 6365 7715 8484 6373 4329 8106 9386 7086 3450 447
283 4744 5896 7702 8471 8491 3119 4913 311 8635 2240 8920 4070 105 7146 4085 8060 5758
284 4934 3784 5256 2327 9176 4314 2794 6636 876 2673 369 8251 3006 8383
285 2116 7880 6986 8203 7762 7447 345 3034 8158 9825 7713 6191 5429 9271
286 5313 5186 5127 1737 593 6300 7581 6115 1383 9449 7670 6653
287 8259 6537 9871 468 340 1044 7960 7276 8046 5233 3582
288 7429 7111 842 8410 7774 3104 1569 3750 1641 3380 8696 5885
289 9602 9220 5253 7044 4626 5340 287 2019 8554 3181 3698 9139 5818 7355
290 9409 4228 4362 1611 7438 6100 9573 6057 9194 6955 3762 2034 2872 4223
291 1050 1705 1833 4787 709 2382 207 2005 7519 3553 8167 1776 115 1269 8437 1405
292 4 210 8275 8855 9245 6880 1505 6052 2407 5427 8756 4917 3836
293 6467 1989 9545 7949 2005 666 7071 3682 8425 7664 2418 4982 4093
294 7296 3330 9349 2451 3352 5402 9007 9265 2996 9014 953 6207 1623 9947 7419 5756
295 3074 7303 4363 3926 8217 1564 3121 7095 4340 6453 4021 7351 4536 8572
296 2304 1794 9476 4230 3105 3491 935 1843 7222 950 7880 1356 4045 84 9968 7544 6269 8830 2431
297 705 3715 3144 6986 6930 7703 1753 6619 9640 3498 7085 2867 2750
298 7680 4866 4611 3728 8338 3612 3111 2345 7980 9777 3777 4034 9678 5340 6250 4852
299 1858 5064 5775 3664 8850 9621 6616 1625 1757 546 5796 8041 5874 4026
300 7361 5702 8134 1486 9174 7127 7583 8671 3565 5875 1213
301 9607 7304 8586 1290 5522 5910 6427 6691 420 9327 9074 755 3316
302 4613 3398 6543 7762 5141 7193 9255 6572 6445 8047 54
303 5572 964 9414 2060 526 84 2260 4123 8863 7904 7971 997 6378 2298
304 8836 1924 6028 5390 3218 3733 5677 7732 9013 4154 1083 2107 4043 79 2904 8687 4086 6394 3835 1150
305 1156 1799 6855 6089 7435 6667 6155 7948 1246 4002 5669 2489 374 5880 1209
306 9285 1734 6095 1492 8986 7266 6313 1194 3562 8755 7226 5821
307 8005 8715 8716 9044 8475 1570 7718 9190 8363 2543 3761 1905 3314 3697
308 7556 6020 9483 4880 18 6937 2468 5676 2608 6064 4531 8121 9939 5986 6503 1772
309 3267 9993 77 2320 9040 6867 7383 9629 1774 2479 8816 6126 8764
310 3525 9545 6989 2897 7570 914 8036 1707 8947 182 5368 8250 8892
311 2 2439 8331 3659 1869 7054 590 9435 5567 1838 9075 9407
312 3074 1479 7 5578 5582 981 1628 7911 3175 9268 7477 5044
313 9089 3336 8392 9430 7772 6685 2847 1763 7652 7525 5287 2407 4020 8566 6138
314 2112 9024 9987 7568 1937 8978 7442 916 6810 7789 8558 4728 1081
315 8387 4238 8854 7452 9823 2335 8616 105 6186 1389 5941 8191
316 3269 8012 4816 278 6236 7325 9832 4457 2730 2347 9195 8498
317 9997 5262 2962 3859 3106 6310 2600 5161 1585 3012 8134 332 984 7652 1510 2426
318 135 1036 5142 8151 7641 9825 8038 5547 4651 7153 7539 9075 4659 7933
319 321 2881 1157 2055 6537 79 4179 3798 7659 4525 4086 9335 8125 1534 1087
320 1930 2962 5929 1195 4527 9014 5054 7380 6613 5846 2263 2136 993 3174 8936 7409
321 3460 8134 8455 7239 7438 3219 2069 1560 5914 6560 356 5288 6512 7227 1789
322 5762 2630 9418 8780 3986 5525 7192 7385 8990 5342 5857 5219 6129 2555 447
323 8512 1796 325 969 6282 397 9004 4270 8878 6651 765
324 3907 9402 6735 6484 1495 8922 94 2340 8936 6899 634 6011 4156
325 2313 8462 5264 8218 9244 9892 5548 4783 700 8124 8290 6370 744 7277 4590 6771 7924
326 5321 2701 4176 8090 9437 2981 9063 2088 745 6387 2932 8506 8316 5503
327 1734 2567 2058 6538 5962 8980 4575 5856 7652 3885 7859 5238 2811 6462
328 1284 8710 3528 2961 7700 1238 9499 4326 7656 2413 6067 9723 3965 6718 3839
329 1541 8957 6670 9681 2962 4883 7059 3348 9369 300 9979 5373 4607
330 7489 2694 774 8014 220 7652 3877 5416 9260 5871 5041 5564 6654
331 780 3597 5006 16 9235 1337 5821 9040 6610 9952 7652 9829 5863 4341 1528 3839
332 5379 8518 5129 716 1117 1123 6188 4780 6961 3699 5748 3451 7102
333 1091 9669 6981 6476 6865 7762 8084 2390 4382 3819 626 2740 8632
334 9984 3970 8135 6095 6613 3098 6686 4389 8746 4714 177 9144 4159
335 7425 6152 4364 400 3730 1682 3751 5426 3764 8693 9982
336 6920 5704 7418 2639 7896 8994 3493 3429 9197 6518 1402 7739 3708 7231
337 321 9217 647 8336 3729 8464 3159 1305 5597 2400 1760 8035 7209 2037
338 2576 1365 7830 3541 540 9887 4841 6635 9707 1136 2613 8830
339 1793 3590 8905 6030 2385 3736 9123 552 809 1900 4855 8824 1978
340 5440 257 2 8387 6283 2771 8662 7574 2595 7781 5231 7919 3316 6455
341 3977 6414 3415 3096 7321 6425 9563 8859 5917 4843 5292 6831
342 512 8325 4997 780 2445 9359 784 4624 4031 718 2647 9305 8154 4445 3936 1774 5747
343 1601 7043 6800 2705 6487 5593 6048 1633 5283 4649 3758 6899 9080 8893
344 3521 5772 1293 6613 1439 1696 2209 7652 7847 8104 9513 8044 7537 6333
345 7756 7504 1426 406 9688 101 2215 1064 7030
346 196 5131 9502 1190 2668 5228 4526 9901 1072 6515 5043
347 9025 71 2248 3849 7634 4505 8478 5922 935 2856 6185 3051 8491 1784
348 134 648 6299 3101 3103 996 2344 6579 9398 8889 7802 1149 7806
349 5444 7 5179 2058 596 4252 2656 3684 871 6827 3823 8507 2557 8958
350 8210 8723 2717 5661 4020 6584 4420 8906 4693 7771 605 2665 2155 1515 6765 5742 6895 8562 6262 126
351 321 9864 2827 2590 1504 2274 5031 2540 1453 5045 1145 4667
352 5446 7367 9803 1870 2643 6292 9623 8671 7141 7403 1003 5110 5943 1595
353 6539 6925 9244 9764 4520 425 687 9659 321 6467 3146 1357 4181 6758 8043 9338
354 8578 6410 6541 3213 2962 8862 3883 1723 2760 2263 991 8287 5230 9968 4344 2555
355 8005 5318 8397 6287 2962 5027 7854 1711 8498 9340
356 3203 2437 8327 4679 7887 5527 7902 2017 175 3381 6526
357 8136 7562 8396 8333 7377 7444 2773 8345 5082 670 1841 7538 7861 955 7996
358 7875 131 2954 3662 7438 3539 5781 2583 5913 4391 8243 5308
359 6594 4354 7238 7880 2391 3160 5659 1889 5794 8296 1141 9659
360 321 10 7949 9493 600 7262 3231 4962 745 3698 7413 9787 3389
361 9091 4170 5583 2003 5848 4441 1376 5693 624 5619 5238 7868 9085
362 321 4616 3468 5007 8468 1625 2530 487 1581 7408 6193 9144 250
363 5446 4171 4369 6291 7572 1366 3158 3606 794 6938 3936 9313 427 8818
364 3073 5128 5069 3406 4244 6230 7331 5350 9075 1205 699
365 7699 2078 930 1704 5677 7349 4926 2752 321 8130 9545 8527 2925 9464 5497 8442 2685
366 653 8599 7206 3114 7339 9643 3371 9007 5434 4414 3394 8284 9703 5994 9075 4218
367 1985 1867 4558 5520 6547 4180 8981 9953 6631 2857 1134 4730
368 2 708 836 6603 155 9635 8488 6888 2670 2682 1211 9535
369 3576 7120 1238 2264 5918 1761 4075 6830 4213 8501 8248 2559
370 3456 4227 3526 3149 527 1494 6170 4450 6909 638
371 6465 7481 8200 1299 4691 5601 8994 8419 7972 2789 2787 4537 1020 5245 2943
372 321 8903 7499 203 1422 2962 8660 9886 4134 8105 7219 9277 6334
373 3074 9351 8714 4299 3982 79 9298 4246 3286 7584 7082 3755 2100 8188
374 9216 5623 9989 7719 7350 8375 6071 4795 5188 7113 6482 3932 2655 5109 7542 7541
375 7744 4487 4040 9675 7884 4763 6047 1695 8994 5219 550 2662 4777 7864 2366
376 6978 4237 4558 9807 2144 6752 2531 1059 9252 4199 9961 7088 823 3003
377 1472 2113 7621 5386 7885 3620 3814 2666 3371 1581 9007 2993 9086
378 1668 3783 7564 8462 6806 7901 5666 5029 1958 9964 1265 4857
379 5509 4039 1736 9930 3982 5983 864 9955 6051 4389 7274 9579 1981
380 4482 4356 2821 7815 6154 8718 5270 3997 3885 3894 5715 8532 6745 1247 3050 7413 6141
381 2817 7435 1871 254 2007 4512 5858 5099 1070 8239 9586 376 2555 7549 5304
382 7749 3910 5191 9545 9299 7764 5536 2988 1780 7156 5428 2171 4348
383 9731 5838 5966 9876 4056 6621 6687 2465 5925 935 2602 299 4728 5880 3516
384 7169 7429 8081 9496 9244 4129 4648 6702 3263 3905 8775 587 8017 9172 8030 8696 3454
385 6850 643 3273 2570 588 3215 6672 7439 9745 2516 8726 8870 808 1464 3006
386 640 2818 4035 1414 5199 3151 5715 7386 4699 7770 8029 353 4326 5294 945
387 769 7429 5065 7820 7949 4431 3024 6161 1619 9495 3869 7016 3305 1449
388 4234 2955 7444 8612 304 7602 2240 8772 3012 328 976 1105 3936 2414 7153 1149
389 5956 2885 647 3792 5009 8021 3032 4192 3113 3691 174 4016 888
390 9668 8077 1613 4688 1233 1878 8728 2654 8935 3111 9459 7733 3190
391 7438 3345 2455 9003 9836 4717 7278 5743 820 3509 4151 1913 2622 2047
392 5773 6030 7697 2586 7259 5980 6618 9440 7153 3889 1270 6778
393 1025 8081 3092 148 3610 1822 3870 1580 9391 2992 5705 5348 2276 7786 5869 9847
394 7360 3584 5061 6473 5005 8015 6495 5279 5860 2795 8876 4077 8882 764
395 321 3017 6859 8143 6161 9043 214 7902 7584 6112 5154 7652 8302 8822
396 9600 7747 1668 3207 8967 4553 9303 7708 6189 5492 5239 1912 1341
397 2064 7248 1682 2978 3432 6891 3638 3958 9463 9276 3710
398 6849 4616 843 4176 8406 2781 7008 8097 6821 6954 5355 8817
399 576 7353 2183 9865 1238 2143 2604 5748 8181 8888 1657 8571
400 6787 9093 2128 3922 985 478 7775 2216 1512 2346 435
401 3137 4420 3211 9042 4564 1754 5085 3561 3882 7087 1201 6836 2555
402 8195 9990 7177 8590 8465 1042 8728 1178 8872 8361 7992 5457 5214 8293 2662 9712 9842 3956 5880 1657 9215
403 9538 456 3981 5904 3088 1557 215 737 932 5481 6060 6265 188 1533
404 5638 9296 5393 1169 7191 4378 93 9885 3240 7536 5810 2168
405 3074 5129 5654 5806 8881 4664 5441 2114 2123 4811 79 8528 2644 9558 6362 8028 8429
406 7552 8900 6731 1868 1933 8910 9301 732 7068 5150 3941 9070 9135 6320 8499
407 8576 4423 3914 6357 9943 2713 6495 352 9704 7918 6898 8564 3005
408 5504 6024 2257 218 6298 6044 2782 8994 6374 2028 2029 1521 9013 8827
409 8846 983 155 7260 5471 6367 3167 4464 5811 3061
410 9862 4873 5271 8474 9436 4257 8932 9007 4977 5683 1405 4990
411 2114 9731 7241 6613 6486 4963 2024 2288 8880 5104 1396 4600 2175
412 4547 6918 5962 1227 6286 9306 5660 4702 2979 2288 8177 6777 1982
413 321 582 6606 5435 1375 1187 8685 9839 4403 7796 3894 9527 6139
414 2 2057 7545 8907 3853 8408 1370 5920 3046 4199 2729 9262 5751 8057
415 8387 5194 8522 6863 537 33 7593 7597 46 3830 2679 6328
416 2 5063 3210 779 9932 6032 9300 2263 224 9129 2288 6900 1909 6070
417 4801 6470 782 6482 3220 5977 6875 1180 2524 9000 2666 2611 2422 6838 9848
418 3012 5019 7198 5727 9889 2597 423 6506 6635 5738 3696 1465 3261
419 7618 6148 6213 7163 8009 4311 9370 4191 2341 5038 2798 6459
420 6994 5459 6613 3032 2201 8796 7740 1893 7094 6007 828 6525 3135
421 2240 8388 9540 2503 447 7503 6674 9688 8738 1077 63
422 2240 4486 8267 7566 1358 2514 7956 219 4443 6305 6947 3236 4277 2806
423 6912 3012 9226 6744 671 6369 4898 8102 7847 9192 5869 7984 1523 3702 1081
424 7872 2240 6083 5513 3343 6166 2903 9372 9565 2856 3497 9199 4028 1917
425 4104 7691 7834 8092 928 8483 5412 3371 321 4548 8146 4051 4946 247 5112 6655
426 2565 390 3783 3592 457 977 2962 4705 5477 9384 8617 1642 1590 9719
427 1984 2432 8899 1223 3020 7821 4559 6615 2843 8223 2986 6637 123
428 256 7686 6159 3032 1056 9187 4644 5029 3053 3186 7545
429 6337 4610 6413 3832 4437 7454 4900 1574 2109 120 3964 7613 7422
430 8193 2 5265 9368 4633 9374 8994 9507 7333 166 8371 7092 6460 1473 3023 2672
431 6280 9866 652 8910 7185 8025 929 4723 3900 9791
432 2 9928 6602 2767 9874 2858 747 1323 6381 2541 9007 5119
433 5762 8068 6404 2962 1555 6550 4888 2074 2983 4136 7088 2609 8116 5053 8256 7256 5103 251 8573 6014
434 5957 9094 6218 8269 7699 2401 8227 2408 108 4150 759 2038 2554 3518
435 4938 8523 8140 7949 151 9051 2396 7457 7075 8166 2349
436 7949 3600 4241 8658 1881 8732 29 5214 6049 6635 6639 5936
437 1544 6539 2962 6675 5717 4566 279 7579 9244 7397 9388 4589 7742
438 3072 1546 714 6798 9940 4951 412 3752 3434 8430 3447 7037
439 450 4170 9930 22 4310 2519 1112 7713 7857 5111 1788
440 4996 6021 3463 9991 1994 8533 9109 9838 7728 3957 3894 6709
441 2962 7060 5788 9891 3364 7470 183 574 3021 5461 9316 3820 1133 6765 9073 1658 3707
442 707 4100 4102 521 2123 7699 9107 915 2198 4243 5146 7906 9968 9145
443 130 131 5010 6938 2842 2715 7199 4384 9911 6202 5443 9163 79 4948 6101 2302 1535
444 7040 7041 6600 6416 9297 5715 7513 2474 1259 6833 7732 6587 3898 4027
445 905 6025 8270 5198 2768 5399 88 7652 550 239 6447 5682 8891 7806
446 1282 2946 9362 6227 4314 7141 5862 8874 7790 9330 7154 9976 5500
447 8966 9864 5064 1234 2260 663 4650 235 8174 2990 4660 1974 3703 6520
448 2057 6989 79 3032 7198 7267 1509 3686 7591 5694 9770 1918 9278
449 1348 4869 199 7242 910 7509 2837 34 8484 2927 5362 8630
450 385 5445 1606 81 3414 2711 5466 3877 7783 7337 4013 755 4148 1852 4094
451 9478 6281 5329 2003 413 1309 2784 1063 111 6834 4531 5748 8307 6205
452 7233 5185 4168 5143 926 8864 7651 1892 2339 1583 5553 2931 5817 3004
453 259 6661 2186 5387 3804 8609 421 6438 8103 3882 2555
454 5827 3078 3144 7694 1678 5856 9573 1832 5737 170 9005 2288 370
455 9728 1740 5708 9679 912 7899 675 6883 7526 751 4529 7858 1079 6014
456 7744 6082 1987 1798 9352 7053 8975 1363 1175 6488 7133 5795 2684 6015
457 1668 6662 523 4303 2066 2578 5655 5159 4330 5687 8254
458 66 4489 3275 4692 7895 6555 5864 7788 9648 691 7604 569 5948
459 6210 901 8711 2968 5848 9903 5871 2353 6706 1075 1394 7354
460 7296 4683 6991 6803 6996 3158 9504 1121 2673 8244 2744
461 3331 2695 6730 5451 2892 2460 2591 2275 2404 7716 935 6192 5815 6459 7036
462 4737 336 3729 9299 279 5216 5924 4260 6062 2739 7988 6325
463 9988 5383 2247 8521 8524 3404 3596 3675 9244 352 4193 4727 6778 6717
464 898 5254 3602 2962 3362 6695 9261 2612 5437 9279 4937 3657 973 2256 3923 6485 9689 3678 2783
465 9861 6669 7439 8209 3671 1752 1944 2650 3230 5534 3425 8418 8301 8125
466 9792 3714 3669 4314 9755 9120 7033 2165 8374 2361 4924
467 1923 273 3876 2218 5307 4539 7485 4935 6613 5728 1256 1779 9843 2422 5755 1533
468 1029 8005 2569 5070 408 3742 352 4326 3754 9387 4909 4921
469 8325 8709 9677 2136 4697 8792 9438 5224 2607 6840 7675 5240 7997
470 7874 8456 7883 5323 8462 4242 3676 3494 8362 752 4082 3703 952
471 7426 5962 6669 5077 7193 5468 7270 2032 3250 1656 6905 3261
472 261 2437 6547 9244 8925 989 7842 5096 8172 3182 4658 1972 4286
473 3524 5898 4106 4376 1182 2335 1122 2986 8049 3058 4661 3382
474 6538 6420 6428 2210 5156 5164 1197 9007 9283 9284 8908 4565 3683 756 4985 3452
475 4224 2439 1429 5401 3865 925 5671 6448 4024 7359 5568 3783 5962 7629 3936 8548 5349
476 7188 9113 5032 3753 4402 3894 183 3128 3271 7772 3297 9831 745 7020 4084 4087
477 5828 4107 4766 2207 2603 7852 43 5166 4340 2550 6710 4345
478 5768 2121 8844 6157 7837 6239 9132 3629 7669 2421 7608
479 6408 9802 7630 2653 9442 3758 7410 2998 7929 8698 9533 5182
480 6528 3841 7938 4995 3012 8652 6547 6439 7218 308 9461 2869 9781
481 5890 2895 4434 660 3872 2791 1896 3308 1780 6646 5752
482 6403 1668 1097 9936 6429 1567 4007 6061 6134 7228
483 3266 5445 6534 1478 455 9942 2264 3672 4890 8284 6364 169 9393
484 9921 9804 6992 8406 6437 5543 9790 1647 5169 2291 9270 3704 3899 1086
485 6145 4743 6600 650 1164 6092 8528 1622 412 7078 4588 243 7486
486 1226 3087 2326 1752 32 5986 8739 8803 7138 1327 6387 5748 3894
487 4928 9290 8270 7445 1850 3869 1506 3555 5539 1381 9576 7977 9007 7482 444
488 7240 2121 9933 6672 472 4313 858 3995 5470 162 5354 7791 1398 6586 255
489 7364 4429 1997 7055 8531 2327 9820 3043 5221 9450 6058 176 3320 4991
490 8513 8450 6853 9170 7961 3229 7652 5802 8555 7151
491 9281 5378 2503 1803 7329 6434 5412 7652 551 8812 5997 4397 9519 9968
492 6019 2252 5710 8977 5917 6178 610 5160 6059 6258 5170
493 321 6595 3012 8592 1297 979 6306 233 3182 4782 7024 1329 2741 3900
494 7808 269 4240 7204 4135 5800 817 5172 7738 5307 321 1353 3148 4065 5349 1645
495 4996 5060 1476 9611 5412 7462 4908 9326 7665 7987
496 8004 5961 850 3866 4472 9637 3496 6634 5546 6067 3064 2555 9533 382
497 3661 3982 79 3807 1444 299 4716 8812 6701 2542 6507 6251 8575
498 6915 1292 5460 7382 5848 7513 7261 7204 6121 9129 817 6267
499 7040 1281 2628 5637 1675 8848 8150 5656 9374 5921 4834 293 3821 2227 6773
