100
0 4617 3099 7199 32 6175 8740 7210 2610 8756 58 4669 9281 3138 6723 7747 6214 3144 8779 594 5206 90 604 7263 2660 6757 8295 2157 5234 4729 2681 125 7294 8319 3204 9861 3718 6791 3729 6296 1694 9387 8893 5828 4292 5321 4302 4821 2777 737 3299 3307 6388 6903 4346 8442 5887 1799 6412 5398 7961 3354 799 8480 9514 5418 9015 9532 2375 3911 9032 840 3929 9052 2909 3944 5483 2939 7552 8065 6019 6533 6024 1420 2966 1435 4509 5534 2469 2477 9139 4028 3010 450 5071 4049 8149 2518 7665 3057 511
1 6148 8710 4105 9744 1048 5145 6169 7201 2602 9785 6716 9796 9284 7247 3153 601 7779 614 2151 1136 9331 629 6774 3197 8839 3724 2701 141 1165 9362 7837 7840 3235 4781 1198 9912 4291 2756 7364 5329 212 6868 8411 7390 8928 2785 2273 5861 3814 4840 750 244 8950 3842 7426 4882 2326 3863 811 813 5944 825 1850 1339 314 9536 8005 5957 6986 4426 7520 5479 2409 7019 8052 7546 1914 7551 7044 7568 7571 3475 1436 7069 6560 1441 943 6577 3509 954 9667 7108 9156 9670 6086 2504 6605 3534 8660 6613 2516 2520 2524 6626 5099
2 2048 6150 9742 8212 536 1050 1067 3128 6717 580 4165 4176 593 3156 3579 6744 1649 116 6261 4726 8839 1159 1167 4759 1177 3227 9384 8369 693 4281 7868 3281 4306 5846 4318 6880 6370 3817 3313 1782 1271 1789 6399 768 3330 4878 2831 6931 1818 4387 3369 3370 1840 3383 6985 3913 1356 1361 3411 2901 8534 2906 4446 4467 2422 379 9084 6528 7557 1419 1932 2967 9115 9641 4015 9648 2992 957 1999 9685 7126 983 3032 993 2532 8676 3048 2026 7659 8173 8178 6646 1527 3062 1014 2042 7163
3 3588 1542 6683 3102 6686 9761 3621 43 47 3632 1586 6711 9274 2619 3133 9277 6725 8267 9297 2644 9812 8794 3675 603 606 5215 5217 1123 9827 8307 1146 8828 4733 3199 3203 643 7814 9353 650 5260 5267 9371 2718 3757 4782 7343 3758 2741 2742 188 5826 1218 6850 7383 4321 9443 8423 3308 240 6898 8953 1287 6410 3339 2828 4365 5902 272 285 8996 5413 3883 6958 6459 2876 7999 3393 8516 5452 5455 7504 8020 347 8543 2402 1897 2412 5997 7559 9622 9118 6563 1994 3539 4564 5591 985 5602 8165 8678 998 492 7159
4 6657 8715 7697 9238 1565 2083 5158 6700 53 7739 6204 6207 6720 65 4163 2628 4679 2139 9310 3177 6777 7801 5243 4220 1665 3723 9357 663 9372 9374 9893 1702 9900 3245 9388 1200 6321 5829 4293 4295 7384 6873 730 5339 4326 7399 7912 250 2811 8448 1284 263 6920 1804 5906 6931 7956 2838 3865 287 9516 2356 7994 3898 2886 3922 2394 5470 1902 5501 6013 1927 1936 3474 7060 918 9624 3488 4516 7078 7082 3499 5036 1966 1459 7108 8650 971 2001 4054 995 8169 1523
5 2048 525 3599 9237 8727 3609 6681 3626 3638 8247 2105 7741 4157 5696 7234 66 8784 7765 4698 604 6243 5737 3694 8818 631 8311 3199 652 8334 8859 7842 9382 3240 5294 4783 9406 6335 9923 6341 5829 4813 3790 3792 8402 6872 9437 8929 9960 6379 751 9455 1776 5366 2296 8954 4860 2307 3856 4373 2331 7965 800 804 6437 2856 7478 3383 9016 8515 7511 1377 6499 868 867 874 364 8058 7037 8574 3972 3461 5002 6546 2467 420 2996 4027 7120 984 990 5087 9706 1015 9209 5119
6 4 4102 523 526 4119 8215 6682 6691 6692 8748 5169 562 4146 566 8759 5694 2119 8271 9300 8793 95 6247 7274 5739 623 9327 5236 8317 9857 4754 659 4258 7842 8365 4273 7862 3767 4282 9918 8387 3272 3794 8917 2265 6365 228 7396 9454 4342 1791 8961 5381 8982 3354 7456 288 8484 1318 8501 1336 9024 8526 1369 6491 6503 5992 8047 2427 1405 7043 7046 9611 9108 5527 7064 7585 6053 2987 6574 7599 8625 4530 9138 6071 8634 1984 5068 3541 4565 4057 4570 1499 3042
7 7174 539 2079 5665 4134 2557 4683 98 8817 8829 6292 4252 1180 7335 3259 2245 9933 4302 8913 6354 5843 2261 2778 2267 4323 5352 2282 7403 2293 5878 9974 4864 770 8966 7432 2839 4376 5911 5916 4899 804 7465 7978 7474 1335 4408 311 4412 6979 3907 1862 5958 8011 3922 9044 7517 2911 9057 4966 4970 6510 9583 4976 2934 8057 1921 2436 8081 1942 7065 1951 2466 5539 4005 7082 1964 2484 7094 5054 6596 5578 6090 3536 9688 9181 2014 8671 4579 4586 1004 7662 8689 9713 5109 5628 509 9727
8 5122 4104 7692 1039 7696 8220 42 1590 5176 8254 574 2111 1095 9294 7763 6227 1628 6236 8800 2677 9850 6276 5253 4230 7816 3210 651 1171 6291 8853 4255 9887 2727 9907 2741 8381 191 5830 1735 2773 4822 8921 7395 8932 231 5864 8951 5887 3327 4361 3852 5901 7446 7960 6940 5929 4906 9003 7471 7990 318 9023 9543 6475 3919 351 2912 2405 6507 6519 5496 9089 4998 4489 7566 4497 5020 8101 4517 8618 6065 8627 4535 3519 6592 1475 1477 1484 6092 7639 478 8164 2535 487 9197
9 2560 7684 4614 3092 3094 9752 8733 1566 8739 1062 8232 9259 562 3638 8764 2623 1098 7764 1623 612 9830 9831 9835 4210 5237 1654 1658 3722 9869 6286 6287 3728 8850 4245 3225 9371 4256 5798 9903 7355 6846 703 1222 9932 3789 6860 6863 1231 2793 6390 9976 3321 4873 6922 7436 5900 8460 6929 3858 4883 4888 6425 6952 7471 318 9537 3406 8529 8022 1886 8546 7525 8038 871 7528 1399 6529 8580 902 9100 7053 7565 910 9102 9107 9623 2973 935 4535 2498 7620 453 9165 8148 7125 7131 9699 6628 9706 496 8179 9208
10 1537 8718 2066 5139 7701 3101 8754 3637 8247 3642 3134 575 8260 4167 2632 6732 3664 6230 9306 2140 6751 1635 9316 2149 5734 4197 8809 1130 4715 7797 8314 1152 148 2197 6809 673 6308 6822 4263 5800 4781 5811 8384 7879 7885 4301 7380 8422 8427 8428 2806 760 6401 8452 774 5896 9485 6933 6934 6935 4381 2336 8483 4388 294 2858 2348 7983 9521 6962 3395 9547 2900 4950 5467 6494 1376 1381 367 8569 4475 3457 7560 2958 9106 4502 6558 7583 2977 4513 5540 9638 7608 1977 3003 3005 5566 451 1989 9686 489 3054 497 8188 3583
11 6144 3595 7180 4112 6674 2071 6680 9246 1055 2090 9775 4656 4660 4664 4666 5179 4159 8257 3674 5726 607 5219 2668 8818 6778 4732 4736 7818 2193 7830 3223 150 4251 7838 5283 2215 2730 7853 5305 5309 4287 3269 1747 5333 7907 6385 754 9973 6391 6906 4872 776 9484 2338 3363 1317 7975 4398 4400 3400 7501 9037 9551 6996 5461 3421 7518 8033 2401 3938 9573 2405 7014 3949 7537 1906 9585 7032 8570 3463 2446 9103 1945 4506 3486 9119 416 5038 8122 7098 3523 5061 4037 4565 1494 6106 4571 4060 4573 2020 1002 1520 2551 3064 6140 2045
12 4624 5136 6676 9749 3613 6181 3637 576 2112 1092 3653 1606 2121 4685 5202 5222 5740 112 2676 1661 7297 2181 134 5254 7307 6796 9874 2197 673 1698 2212 1707 5293 9902 3762 3251 1202 3254 5814 7866 3273 2762 8911 7890 3824 8434 7928 1275 6403 3850 7947 270 271 5392 2835 8469 6422 6426 290 2853 5938 2357 5433 2892 4945 3923 8021 9053 1374 9568 1379 8037 9063 8055 7549 922 7067 2460 2464 1442 2986 5041 6072 4542 6089 7123 9193 5106 9715 6135 4090 8190 6143
13 4619 13 528 7186 4115 6167 7195 542 2591 8742 5673 1580 50 566 4677 8774 4170 2646 9815 7768 5210 5723 5242 1664 5256 9364 7320 5788 4253 6817 1703 5289 5812 6329 5821 9407 3777 1730 7370 7882 2252 204 9935 8404 9945 6874 5341 4829 1768 6377 4844 2800 5872 1270 6395 7941 1797 9482 3341 6416 2321 6419 3866 7967 8479 3875 8483 2343 1322 7987 5429 8501 1350 6996 3413 7005 2911 7016 9579 9580 5997 4972 4465 1394 8053 1404 8069 7558 4487 9093 5005 1431 6040 8091 1449 1968 9137 5566 5058 3020 3021 464 7632 3065 8700 5630 7167
14 3074 2052 1031 8 520 22 6168 6688 1577 8749 7729 5177 1595 4671 5695 1617 8274 7252 9815 6745 3161 5219 1124 101 3172 7292 1156 9868 9882 670 6311 5814 2749 2247 5330 9962 6890 753 3828 5877 3830 9463 2304 782 275 5914 7463 2855 9007 1844 4921 6976 4930 6983 2890 3405 8015 4946 5971 1880 2394 5468 5471 5989 4967 7022 8563 9094 9095 3468 909 1934 1425 9617 6041 4506 3995 7068 9628 2473 6571 3516 455 2503 8651 8159 7147 2552 510 511
15 2579 533 6173 8736 2084 2085 4646 4647 6696 3625 2088 9277 1094 3150 8786 2642 5207 3676 6779 4221 4225 2690 3211 8847 8339 5787 5789 3232 5289 177 4279 695 9916 2249 8905 9422 5840 5841 7382 9958 4330 2795 8429 3311 6896 241 4848 3315 2302 7944 3342 9498 9500 1825 5921 6435 5927 2864 6960 4912 6965 8502 9531 2364 6975 8013 6479 7506 9556 4438 869 8039 366 6004 8568 3457 9091 4484 9098 6562 7076 5031 3495 7085 2999 6075 6599 5069 3539 1493 7641 1497 6110 5093 9703 7144 9704 7656 3568 4602 5629
16 7179 5651 2074 37 2602 3115 8249 8767 5716 85 2648 2650 6238 2661 2150 2156 9843 6775 9849 634 2683 130 8336 8854 2204 1184 6306 2723 1702 1190 5289 7852 2225 183 2233 6843 1724 2241 6337 8897 2244 715 1227 1742 7375 4815 6354 7894 3798 1242 6371 748 751 7924 3842 7939 2317 1294 5924 7985 1843 3385 8508 1340 319 4418 9548 2905 3930 5980 5472 865 3943 4456 5992 5484 3950 4992 7040 402 6039 1434 5021 9639 1465 958 3008 6093 5080 4071 8169 9707 2035 509 3070
17 3586 8707 1543 522 1547 7181 3601 8214 8730 8218 28 8736 36 9767 7722 4139 4651 5680 7731 9286 3145 9805 6734 1622 5718 86 1626 5730 613 4202 117 5765 4247 160 1699 9892 5286 1193 7344 4273 3762 6834 2231 5316 6858 1751 5335 729 222 6879 4319 5347 7913 8938 5358 3847 6415 3346 5910 2847 5937 8500 8506 2366 7488 1866 2379 8014 3921 9042 6995 342 7511 3417 9051 2396 8034 7523 3435 9070 4470 2424 3456 9091 3460 391 1927 6536 7571 9629 5540 1961 1451 8109 433 7096 4540 9663 3522 2005 3033 4066 3558 9196 6127 9722
18 8202 9233 1057 9252 8245 1084 6205 574 3142 5196 1101 8281 3673 2139 1125 5736 1643 8304 1137 7793 7794 4212 4218 127 9858 1667 6789 3717 9867 4237 6285 4751 1169 9879 8857 3741 8357 167 5801 2731 8366 8878 1214 6848 2246 206 5334 9433 5850 3803 3297 3810 8432 1777 4342 7417 5370 1278 773 9990 6924 2829 5391 788 3374 4910 8513 1865 329 6986 1873 4436 5475 4963 5477 9574 3439 5495 1403 7036 9603 4996 901 395 9615 7570 403 3475 6550 4012 7086 4542 8130 3011 3012 9682 2529 9186 5097 2542 3055 5618 4085 8698 2043
19 3598 3606 6166 8217 5148 3107 8231 2606 5681 2100 2108 590 1105 8284 6749 9320 8297 2154 3691 8822 5755 1154 1679 4760 666 7328 3746 7847 4300 7375 8400 7901 7905 4325 6886 8941 5358 1773 3331 260 2824 6411 5402 4384 4896 7970 8994 4389 5925 7976 1320 6955 5953 6468 6987 5456 2898 8024 6492 1372 2910 7006 2916 5990 9065 4457 9068 8046 4980 9600 6534 9103 3475 3477 921 7066 4001 5029 5030 941 9647 4020 8643 7629 6096 5608 9200 9202 1012 7163 509 511
20 1025 4610 7689 8714 5644 5645 7188 5149 5150 7714 3110 1064 7209 4654 7727 8242 7220 3129 4156 1598 83 4189 3677 612 8809 5228 5743 3188 629 9851 3196 2180 2188 4749 1172 9365 660 1690 9376 4776 4777 4780 1713 1723 198 208 2770 7379 7893 1752 2781 9949 7393 230 4838 7409 248 4348 3838 9993 2827 3353 5408 9510 4391 6448 1843 9013 9018 9033 2891 4431 847 3417 1881 7515 4955 4449 9078 8569 893 388 2953 8592 7586 4520 4530 8126 454 6088 9687 7642 3036 7136 4072 8175 501
21 8192 2049 2060 3085 6670 4623 6674 6165 6167 537 9760 8240 5171 564 4660 1598 7755 2123 8789 5205 9818 2653 6750 7775 618 3181 8302 8306 9852 9343 5767 9863 7315 1686 9881 5795 7332 4795 3265 5830 3790 4816 2769 4313 8924 8413 2273 3304 5354 9961 4332 5367 4344 7929 2818 2318 273 7977 4908 6460 8512 6466 2889 3916 9582 9588 1915 6525 9603 3460 4493 7058 926 6047 928 2978 5033 2475 5035 6063 4529 2486 4023 6582 7101 5056 4544 2499 8133 7627 4053 4576 486 9708 1516 9712 7669
22 5633 8714 8203 7693 9748 2582 30 7717 3628 1594 2113 3139 6213 4694 1124 5733 6245 2670 1663 8322 8842 8844 7310 3219 1176 1199 6832 6650 4793 6844 3775 195 9926 8906 1738 5838 4303 8914 1751 1753 4317 2794 7914 6389 6905 5379 7433 777 2316 7952 6936 4378 7968 3877 806 8485 8493 304 7475 7476 6977 5955 4932 4422 2892 9043 346 8540 6506 9587 886 7549 6022 5514 2444 9105 4505 8094 5023 5545 9649 7607 3000 5047 5055 9153 2505 3025 8660 6613 2022 2537 8174 5114
23 9739 6156 9229 3105 8236 44 558 8761 8776 2635 8267 2124 3672 8804 3685 4712 9322 8810 2669 8830 5260 7309 2700 8340 1173 2713 8858 4762 3756 685 6323 6838 2234 5308 2238 1217 6349 3281 6870 8923 736 9448 8431 6385 1266 9457 7413 7925 8439 7417 9472 1793 8450 4354 4866 8965 8976 8978 8983 7972 4903 7464 2347 317 9535 4928 1357 3930 3931 3424 3940 4967 8552 9580 2938 3454 6017 3975 5519 9104 5522 6037 2454 9625 7070 9128 2988 9138 7103 3019 4044 4047 9176 7641 5083 2525 4581 7149 2543 2031 2038
24 6660 7687 6155 2581 1572 1578 4139 6701 3630 6708 2630 8776 5199 8272 9808 601 1123 6245 8303 114 115 5749 6262 6263 8313 7293 1673 9358 7824 4242 4245 4263 2219 5301 1743 9434 1249 8945 4861 2303 3333 8455 3851 6411 4366 1296 3858 9492 9494 6423 6434 808 3890 2867 4404 5430 6465 840 2376 2891 2893 2894 337 8530 7510 4953 9056 7009 8550 4969 6507 5997 4974 5488 882 7548 3966 2955 1420 8600 6556 929 1956 5544 6071 9661 5062 7113 6090 4059 7646 6115 6633 492 5613 3059 8185 1018
25 8192 6657 5640 3082 12 1551 3088 3103 6177 9250 1059 556 8750 9778 5683 5173 8766 4164 4680 8265 6231 8794 8799 96 4706 2659 4710 1128 3689 8809 9326 5744 4208 1140 9342 2174 7811 9350 6794 7819 7823 7327 7839 8352 3237 6821 171 4268 3248 2743 7353 9403 4797 8894 2752 8388 721 8401 3291 3806 4323 2788 6383 4363 5901 1307 2844 6942 293 2342 814 3886 3379 1338 7495 5961 8528 2898 2388 6485 859 3420 8030 5993 5482 3438 878 4979 3961 6535 7561 2953 8590 2448 4508 9634 424 4521 4530 2487 3512 2496 970 3024 7636 7133 1502 7148 2541 3058 5627
26 1028 8199 6157 529 8211 4629 534 4632 8240 5688 3660 2647 8281 2652 3684 104 3689 7787 8306 5235 4722 6261 1654 1651 7293 5758 4228 2695 143 157 2721 162 9380 4774 8364 4781 694 3259 6333 3262 4288 4290 1738 8907 4814 8412 9440 2786 8428 3319 8447 5376 2317 9998 5904 9488 2322 7443 3867 7964 9001 5420 7981 4913 3891 5942 2873 6974 6469 1349 1359 6993 3935 873 2930 6005 6010 9093 9605 4492 6542 6031 9625 925 1445 422 3497 4013 6579 4547 7110 7116 8654 2517 3542 9686 3548 8668 5089 7652 7655 8679 1009
27 9217 8197 6149 5643 3086 9747 5658 2590 5152 2599 1066 8234 6703 5684 9780 1080 58 74 6736 7761 8792 609 100 4716 3699 3188 118 3195 6800 5780 5275 9380 687 2239 8389 4296 3798 7387 6369 6885 5361 7931 9468 8449 9988 4356 6921 6413 4376 4386 4899 292 1316 5924 805 7992 2363 2878 8001 4418 842 1871 4435 5975 2400 2937 7545 4986 8572 1406 895 1929 8076 9619 2964 6554 2462 8606 3493 940 6573 6063 5043 6073 2491 9159 1481 8655 8145 8658 5076 2521 8162 482 8682 3566 9711 8183
28 9220 5125 9222 1033 9738 9230 4113 6162 9746 17 9745 9751 5655 3611 4127 9764 9786 4673 4162 5702 9287 6728 6228 3668 1621 1111 8282 2667 7277 7799 7291 3712 8833 9858 1155 9348 8325 9867 3733 7831 2724 8356 7848 3246 8366 8890 3264 8899 3780 197 8391 7367 6350 7378 7900 4319 1765 9450 751 6895 2289 5880 258 9989 263 6416 1306 3876 1835 1839 6449 3889 4916 1345 5443 1353 1867 843 9550 2383 1875 8024 2393 4960 2406 5990 8041 1393 7540 3445 2948 6020 8077 6549 1946 2971 2476 9651 9652 440 458 5065 9169 8147 469 3044 7160 7674
29 1536 4113 8212 7703 9754 9244 9248 1060 9771 4682 3665 7250 4179 88 7259 3163 2155 5227 1647 2170 8315 1666 2189 1166 3728 8851 661 9368 666 155 8346 9373 2205 5291 1204 7874 7880 2250 7376 7903 8418 4837 9959 6889 8939 3823 8436 3831 1786 7934 2820 1802 6420 5911 5400 8995 5414 4902 8496 6450 2370 9026 837 8519 7499 4428 1870 9558 859 3422 7520 5995 6508 3437 4977 2425 9601 897 2439 1930 396 913 1428 9626 2458 2463 1961 1451 3511 6082 5061 9674 4044 3547 2013 989 9697 7650 5089 6631 8683 1003 2034 3060 4086
30 6146 4613 7176 1544 3601 5137 5141 3108 6695 2603 6187 9774 6201 3143 1608 9298 5204 4695 1116 1118 8300 109 9328 1138 8308 3705 4226 6283 140 7314 4757 7832 7322 154 4773 6830 2743 9928 2768 2776 4826 9954 742 233 7915 2287 3312 1267 5876 4853 9460 5369 8963 1802 779 5387 5407 4384 289 9517 9022 6984 5450 2897 5974 2912 8039 6505 8559 377 6018 6530 1923 9093 6028 405 2991 5040 1469 6081 8131 2507 9684 9175 2011 3549 4574 3554 3051 6642 1522 4599
31 4097 8707 21 4120 2073 2077 9245 5663 7208 6189 46 4658 9784 8251 6716 8252 8258 9794 71 6217 7753 9291 2138 1124 9320 1129 2152 2162 4216 7805 639 1157 2193 1686 8348 9890 166 4775 1195 6829 176 7361 705 708 5832 7884 8397 2256 4305 3797 7397 8935 7400 743 5875 2812 3836 252 9984 4359 3359 6947 1321 5437 318 4419 9539 2373 2375 1351 5959 3919 853 9561 2908 1891 5490 7034 1415 399 8101 4520 431 2992 5552 2995 7607 1978 7100 1981 3004 8135 4558 8671 5604 9194 1006 6648 1534 8191
32 4114 3605 1049 551 8747 7218 8243 567 6718 4681 4171 604 97 3173 1128 107 8309 3705 7295 7308 5792 9890 6307 6309 9381 5797 2738 1202 9404 8381 4285 1213 5323 4315 1756 8421 745 9971 7413 3833 4347 8451 4870 9481 3859 7450 8987 3869 6942 4900 7468 2863 6959 5425 306 2354 818 1853 2879 3903 840 845 2386 4958 352 4964 4965 3433 7017 6513 3441 3474 1938 2454 2461 9630 2993 7090 8122 6587 9659 1983 8640 1474 4550 9174 6615 5594 2016 8673 5090 1505 3553 1512 6122 3568
33 9733 3084 9741 7694 4621 1552 2065 1042 5652 38 6697 9261 2093 6704 7218 7237 4168 1614 5713 2130 3157 6237 1127 5226 3182 5742 7280 2670 9341 6786 6281 1681 9366 1696 2216 6825 3761 4789 7350 3256 9401 188 6852 6340 8399 1744 7891 215 8417 7916 8940 2300 9469 4352 259 1284 7941 9476 5388 6939 4899 5411 6438 9002 4919 7513 9054 879 4490 6556 6557 9631 1952 3489 7080 8104 5034 7091 948 8632 7096 955 7106 5066 8652 4048 8656 4565 474 5084 9700 3572 1017 9210
34 3586 5124 7180 5653 1045 9755 5154 5160 4652 53 1079 1592 8250 5179 2622 577 2116 1100 1613 7246 5200 3671 5732 614 6248 9321 6766 5230 7798 9340 8316 8323 2186 1675 6799 3727 4758 1179 6300 669 5277 9888 6315 1209 8382 5310 708 3783 6343 3277 6354 3800 1761 9456 2291 757 255 6409 6922 1291 5386 5907 1308 9507 5934 9012 822 9028 332 3926 4950 1380 9578 7536 5489 3955 1409 7055 2963 8096 5026 9123 9129 4527 1975 961 7115 9676 3533 2539 2027 7147 5105 8703
35 9736 6669 3090 4125 543 4129 1569 6178 1576 6701 9264 52 3131 6205 6211 71 8776 3666 4694 5212 4089 1630 2654 101 7272 4713 5741 4209 3711 5252 7827 5277 3743 4262 9894 6825 9389 685 5300 1210 5822 7359 6849 5826 6339 714 1739 9434 5350 1775 1787 2812 8445 3328 1805 9999 2320 4887 2330 4890 4380 2843 7467 5932 4405 4406 6973 8514 9034 4939 844 1877 5987 869 358 1898 2926 1391 883 7030 3960 5497 5500 8060 7556 5510 5000 5006 3986 5010 1432 409 1951 1958 6567 1961 6063 7104 2512 5587 3546 9707 6643 5624 3065 8191
36 5120 2562 3078 1040 1043 2586 547 7213 7730 9272 572 9795 8772 6724 8775 2636 81 4691 2644 2135 606 8287 616 9322 8300 6255 6259 8827 3719 137 5258 658 2207 8867 1702 2215 9383 8873 2220 7864 5307 1215 3781 6855 6861 9423 4309 5849 9438 7902 744 3820 242 8437 3320 1277 3837 261 6406 8458 7946 4367 2323 1299 5397 9499 6951 4904 8497 4402 4403 3893 4433 858 373 889 2944 2945 7563 397 8083 3991 421 8622 942 9651 6580 7605 3513 955 8636 7616 5580 7140 3561 7151 2555 2559
37 5123 2057 1549 5144 7710 9762 7724 1070 6190 6192 6709 4154 5691 9276 2111 64 1091 582 3655 2630 8783 3183 6257 2675 3702 8830 5251 4746 6285 2191 1167 1689 1691 7330 6310 1192 6314 9393 9906 7859 7345 9909 7355 6338 8928 5345 8931 8941 9459 1779 3322 7427 259 269 274 8984 7449 3879 8490 6444 9005 819 7482 9021 3393 6988 5968 6996 1889 9582 5487 7024 7555 900 6537 1931 6030 2447 9111 4002 2983 6059 7084 2483 1462 1464 8122 5565 9158 8140 5079 9696 488 7145 490 3575 7672
38 8192 7170 5132 6158 5135 14 19 2067 1561 6170 3097 1065 9257 8243 3135 4678 1101 2637 5714 6739 604 8289 1657 3195 8833 1666 136 1161 6803 2709 5783 9904 8371 692 4790 3772 9925 6854 8394 8908 5844 3293 9439 8415 3307 4334 3825 8435 8948 6901 7925 7935 6914 259 5383 6927 4880 7445 2848 4393 298 7982 7986 1337 5953 327 1865 5459 9050 9565 8547 4451 363 7532 2927 369 6002 6009 7033 9081 4990 9614 398 2962 2450 5530 8095 5024 7092 4025 5569 6594 7617 9671 6602 5070 2513 4561 5590 5593 477 7647 9697 6119 9710 5617 9718
39 2563 9732 9223 5642 16 2068 8213 6685 1566 6179 3109 2104 4153 3137 70 6729 5705 7755 4175 5203 6755 4708 5736 5224 1132 4721 4214 120 6274 9864 1673 9355 6287 1173 6815 4257 5794 6824 6831 1711 5299 9396 9397 9914 7366 9428 1236 6875 2269 7391 1762 1764 5865 4842 758 2295 9468 766 9983 6913 8454 6922 7435 1806 3343 4368 4372 8476 8487 2860 5935 3893 9015 5947 3912 5456 8021 2392 9049 8041 3959 3448 383 6021 5002 3478 2455 7576 7079 428 9656 2490 4549 6085 975 9693 9182 1506 1006 9204 5620 4086 6647 7673
40 3080 6680 6172 5151 2087 4136 2621 7742 9285 8262 7241 7754 2636 6733 8268 8273 6226 8787 2137 9311 2155 115 5750 6775 8313 6782 4231 144 2192 149 4761 153 2202 5292 172 2222 6320 4276 9405 8385 8393 6357 7675 2790 6374 9969 3316 2299 8958 8959 8962 6405 1300 1307 1312 9507 5923 1830 2868 3896 1858 4418 840 1357 3408 9044 1878 9562 4954 8544 4455 2407 361 5994 1902 3951 9598 8062 1408 3969 5505 5511 3979 4493 1443 423 5550 445 3526 9675 3021 3034 7134 4062 9694 3041 7648 6127 5113 8699 7679
41 7684 6151 7694 3099 9760 8739 1572 8745 4145 3124 7228 2109 2625 5188 8781 6738 4179 3156 6748 4196 4200 3696 3697 8821 2684 4224 3712 6272 7301 8327 4744 9355 9872 9875 6295 6810 4770 1708 5807 9905 7858 5815 2747 3781 6853 712 5844 223 1253 1776 2294 7418 6398 8960 9995 7949 2320 7440 9501 5422 7988 315 835 6983 3403 4428 7505 1878 3423 357 2919 4968 3431 8554 1388 5998 1392 8561 2941 384 6531 392 7048 5512 7569 2454 8613 6074 6076 2493 1470 6588 5577 457 7640 4058 3038 8158 5090 1000 8170 8182 2551 6137
42 0 2053 1546 529 7703 4123 1058 3628 6193 3122 3639 58 2619 570 2626 1604 3144 9801 2633 8791 5721 6235 8796 4705 3177 7788 7796 3707 1659 3709 8833 4227 647 1677 9872 8338 1170 6303 2722 3750 6823 3751 5806 6831 2737 7346 5811 9395 9398 4794 3261 9922 7365 2765 9946 6887 9977 3324 8446 6912 9473 6417 1810 3351 7449 1305 8476 5917 7972 6439 1329 2361 4413 9533 3396 2885 9031 5960 1357 6994 4949 3414 1878 5473 2406 8040 4972 4973 2924 9073 3968 3975 2440 7566 7055 6548 8090 412 9121 1959 4016 7095 3004 4031 5571 6084 5573 462 6607 3033 8155 5102 2548 4600
43 2 4616 7690 8721 9252 7206 40 5166 9783 6714 5181 9277 2118 4176 3152 6234 2655 7781 2158 6256 2674 1141 123 7807 9860 3721 6804 1688 1691 6300 6301 5790 3753 6319 178 1205 2237 1216 7363 4810 5842 2772 5848 217 733 1758 4325 6894 753 756 5883 9979 2813 5898 5900 2317 785 286 6436 5930 3882 4395 4409 4418 330 9036 4431 5969 1375 5484 2937 8062 5504 4999 3467 5520 3985 8596 3992 7582 7589 8617 9130 1452 5555 4532 951 442 2493 5572 5060 472 6617 475 3548 479 7142 6118 2024 3053 6128 4086 8695 7676
44 7175 8714 3083 3594 2573 4622 9260 7734 568 3133 8767 4681 3662 7766 3670 5209 5212 1629 1119 4191 2150 3698 2169 4222 3732 7829 3220 161 8354 5288 1706 2744 5831 1225 203 1741 7374 718 1230 6869 8405 2263 6361 8414 2272 7904 2279 5868 6381 2799 2290 2804 9980 3326 4364 1294 8467 2844 4894 1314 4914 5447 8519 5453 6992 848 1874 6486 8028 1890 8560 9074 6006 9086 9090 8588 1421 8595 9620 1947 6560 1446 1962 5549 4525 7601 447 6087 8653 4557 9167 8669 4082 2547 2039 8191
45 1024 7683 1032 2568 9743 2577 4115 1558 8729 3098 2073 2074 9757 4638 6184 57 1087 2624 7236 9799 72 6727 4685 89 3683 5736 6252 7278 5756 2693 1160 3208 5266 8348 3747 679 683 6828 4782 4784 688 8879 2228 7357 3774 1215 9412 6864 4310 5340 2786 9955 1257 1258 2286 3314 4350 7428 3847 7957 4892 5409 9515 3884 3375 8501 314 9547 8016 3410 8532 340 6490 9563 873 9066 5996 2415 1400 6014 1932 1420 5012 5551 9161 8656 5075 6103 7645 1501 9697 4069 6134 502 9212
46 8196 7177 6665 6669 7698 8239 2609 2105 5690 9791 583 2643 4182 6233 5213 97 2148 5221 8296 6765 8820 9334 3705 2173 9345 9876 5793 163 5285 1701 5296 9404 1727 3778 5322 3275 8909 209 8915 6360 5857 5862 1767 8425 5355 7410 3315 2810 4355 4871 1309 6432 291 6950 6442 2861 2875 5439 4417 2371 1349 9546 8020 1367 7010 901 2952 2442 2443 6566 426 1456 8626 1970 9144 7613 9151 9666 8648 8141 9690 993 1519 6130 5619 3571 6133 3063 6136 7164 509
47 8712 6673 531 7190 8221 5662 3117 2608 561 7732 9783 8760 8780 3154 599 600 1113 4704 3688 6257 7286 7802 6273 5764 3206 135 2182 7819 4240 6304 8353 7331 165 8367 5808 3249 2224 9924 3781 6345 3281 8416 739 741 6373 1772 8943 5363 247 9470 8959 5892 1290 4877 7952 2324 8988 6943 7972 299 5419 3897 331 4429 5972 342 5463 6495 353 1897 1903 3442 5492 3465 8074 4491 1424 2453 1429 931 9640 7592 8113 2492 7614 4030 4554 9168 987 5601 5099 7659 8690 2035 4087
48 3587 3593 24 25 2594 4135 1583 3633 7757 590 7245 4173 6244 7275 8819 4211 3187 4730 124 1151 8323 4748 2189 8854 151 4250 5791 2726 3242 9392 190 1224 7891 5332 8917 8406 726 5336 8409 2271 227 1256 2280 1268 2805 1782 1272 8445 5893 4358 3347 8981 7457 7458 3881 1834 9518 2352 4929 5954 4423 7500 5968 4434 8027 860 3428 8553 6508 4981 8059 4477 3455 385 7042 388 1928 7562 414 7075 430 7602 8628 953 7615 4548 9671 9162 7117 5584 9692 2017 483 6115 7147 1004 6124 7676
49 2055 8716 5670 1068 4659 54 5180 1602 9284 1093 9798 1096 5211 1117 3680 1633 2146 7272 6761 626 2679 2680 7803 4737 7842 5802 5803 682 5830 198 3785 7372 8401 6354 1749 7381 8919 3287 6871 8925 8926 2273 7395 5348 229 7908 1252 7406 4847 7411 8436 4340 2297 4857 4357 2824 6925 786 3355 4394 3374 2862 4917 5440 7494 8518 9037 6478 5462 1885 8042 2410 8556 5486 1916 6527 4479 2951 3981 4498 1942 5015 7063 7580 4511 8108 3503 1457 3514 9147 7612 9668 9172 2004 8152 4569 3039 6641 2040 1020 7165
50 5634 3075 1539 5128 1036 1037 9755 6176 565 6713 9274 8771 2634 4683 6220 6731 8295 4711 7281 3710 1153 152 6299 6313 1194 3244 6829 7857 7861 5303 2240 2245 8390 6856 5325 4313 6881 8426 8942 5871 7919 4850 5881 767 9478 3848 3338 2327 6427 7451 9509 8999 2344 2882 328 4937 2897 9555 5460 8541 6494 8035 1381 3947 3439 4463 9082 2939 892 7039 4995 6028 8591 4496 4500 1943 923 1436 1948 4003 8116 5557 3510 9143 4024 7096 6586 9147 9666 456 3529 4556 1486 9681 4055 3064 4601 9726
51 4612 6661 518 2575 5650 8725 5661 3618 34 3106 9766 2087 6694 3113 3130 2109 1605 5190 7239 2641 7253 5728 7265 9314 3684 4198 114 7285 644 135 5769 9865 7316 2716 6816 2721 6316 3253 9917 6338 6857 2252 6349 1228 2764 7888 1232 4818 3282 1236 6867 1233 4304 3294 7390 1250 7405 1776 1265 7922 7412 4344 6911 3335 9997 5913 2333 9504 3362 2350 1333 3383 1855 1868 9550 9552 355 2408 5996 2424 7041 3976 6538 8080 1936 2976 2989 9653 8642 452 1478 472 8168 4073 3052 1021
52 8704 5140 7193 8223 3627 3116 9262 6712 2114 8789 5207 7256 92 7776 8808 7288 9338 9851 7804 3201 8321 7824 9880 3229 8869 1191 6826 3757 1201 690 2746 7870 3784 8403 6356 5851 5854 3808 225 7906 9443 5859 5348 5344 2798 4854 8964 1800 1801 7950 6421 1822 8993 4898 4397 817 310 9528 7488 2368 9026 3906 841 4940 2387 1379 868 7526 1385 2921 1389 4982 4983 6007 5498 2947 389 9094 4486 5013 7062 9119 9139 4531 5049 9657 4033 7635 980 2525 1503 9716 5621 4598 5108 3576
53 1540 3589 11 1037 6159 1053 30 7711 3104 2596 5165 7219 563 4670 3135 582 3146 591 1104 8275 2132 9811 3667 7770 6764 8814 7283 6772 120 6790 3720 5259 3213 4239 143 6290 1174 5784 9368 9379 8358 8362 7860 8891 3267 9925 2249 9936 8404 6359 7896 8408 1242 3805 734 1760 738 2284 5357 5870 1263 751 5884 263 2823 1289 4876 2325 2839 7448 6434 8489 5422 6963 6481 5988 2927 9593 6522 5002 5515 2971 418 9122 420 9638 934 429 4526 434 7603 6590 1986 4042 461 3535 7641 6621 9695 1517 5102 9198 507
54 7168 5635 2566 2569 5642 9234 5142 3609 538 7196 1058 2598 8233 7723 4662 9788 1616 6740 8277 4190 3684 4198 7782 5746 7287 1673 9354 6796 4250 5276 8861 3745 6317 4272 7866 8891 9919 704 1729 4802 1730 2243 1733 4808 3275 1741 8910 4831 735 4326 9461 9974 5881 1788 5379 5382 7437 8977 4372 3352 6944 802 2351 313 5951 2881 6478 8020 4951 3419 4447 6501 5996 4975 880 8567 5496 8063 9599 8068 3464 2956 9614 5014 9110 8105 9645 6069 9142 3001 5563 9148 6591 7107 452 7622 7112 976 7122 9183 7649 8674 999 4583 6121 5610 7147 3567 4595 8695
55 514 7192 3624 4140 6195 56 569 3140 6216 5707 1611 2638 8273 7765 8798 6240 1129 9323 2155 4724 3700 7300 8838 4755 5796 7336 181 9404 1223 9421 3280 4817 2264 6363 2781 3810 4835 5350 5864 3816 9967 2288 4337 6387 1782 9468 1279 6913 5380 1295 1296 5394 1304 5409 1316 5428 6969 5441 3394 1860 3909 5450 4943 1876 5465 6493 7523 3940 7015 370 2428 8071 5517 3989 407 6056 1967 4535 8119 9145 4541 4543 9665 2500 8645 8646 9162 6604 8157 6111 9701 2552 8702
56 9221 8198 10 8723 1044 7189 9240 9242 1051 3616 5667 4650 6698 3116 3119 5683 4661 1589 5176 2107 1086 7240 7255 4700 4191 3168 608 1641 1648 5752 4223 8837 5265 9879 669 8864 8360 8880 1719 5825 706 199 4807 1739 3284 1750 1247 9958 6891 238 5873 7933 775 7442 6424 5915 2337 5414 1839 7478 830 9534 2374 9035 3920 8022 9560 5977 4953 8032 3940 4454 1386 5503 6528 5000 9096 6539 6034 1939 6038 8087 9118 2981 6603 973 2000 6610 6611 6638 5616 6641 4596 5110 4091
57 2567 3592 1545 5129 6667 527 4630 6679 8219 8737 7207 8751 8243 3127 6715 9284 2629 8773 9800 3657 9294 2126 8278 5725 3170 3178 9837 7799 3193 6787 8840 8845 3215 5776 3737 7322 667 2715 8351 4768 4769 5282 1705 2217 8875 2729 2743 8902 200 4811 4812 7375 8400 1751 8937 8949 5886 2824 8457 5900 1300 1319 2344 9513 5417 6451 4927 1345 8523 9042 8537 5476 7020 4466 371 1396 1930 5003 399 4509 2464 5540 6055 2474 8118 4538 443 3008 960 4037 9670 1484 3533 2509 1490 5081 9184 481 2018 4068 485 998 7143 4581 9715 9214 511
58 4098 5639 519 5127 8202 9228 6674 7212 7725 5679 4665 2620 8253 6224 1108 1644 4207 6267 8333 6289 3730 9376 8866 3236 9388 9901 7855 6331 1726 9920 3776 4804 2246 2759 9425 4822 728 4322 9957 9446 2278 232 2802 2297 2811 8459 3852 4379 8997 4396 5942 8503 2875 3389 1856 9550 2896 3409 7509 3927 3416 2393 1888 865 5985 4460 8558 9584 7539 8566 1418 5008 8093 2462 9634 6051 9646 2480 9658 7610 7615 7619 5574 1480 5072 7634 981 2519 1496 476 2533 2534 3560 8681 4080 1010 9206 1022
59 8705 4103 1019 2576 8208 7701 8225 41 9258 7211 2094 2095 7215 1585 9778 2612 5183 2633 3151 8284 4700 4724 4725 8836 6277 7318 7832 157 1192 7352 3259 192 4291 8900 1222 8392 203 9938 9427 213 3292 5343 9955 3305 5869 5360 7922 1780 8957 9982 6915 6923 9485 7445 3353 2332 2853 5414 6451 5948 8514 7493 330 1358 340 8021 9045 3932 5474 9570 8549 8555 6511 7034 2430 4488 2442 1420 5524 1430 8599 5528 3481 7074 4008 3506 9654 3007 9664 6080 3015 8138 7119 3047 1521 7666 4597 9720 9723
60 6144 6147 6665 2061 4626 1047 3097 7202 9252 7722 9277 3654 6222 8300 635 6781 638 2175 3714 2697 1676 653 1678 4753 6293 2718 6303 7851 3252 185 698 7869 7358 3263 4804 3271 2761 3274 7883 6349 9936 7385 3807 3811 4324 234 5870 246 8952 6392 6394 3840 2306 9990 8967 262 4372 8472 4378 8480 809 3883 6443 2355 5428 8505 8003 3398 5447 8006 6473 1882 1371 5984 5985 3937 360 4471 7032 378 7553 386 2442 907 8077 3982 6042 930 4519 2984 1961 1450 9644 3501 8628 4026 4566 6616 3563 6127 7158 7162 5115 1023
61 2567 2067 5151 5153 33 7720 9770 8237 4144 5684 2102 9793 5193 3680 2656 9829 6758 2662 3692 2670 4718 8819 3210 6288 9361 3224 2713 4254 6307 7843 6820 7339 5302 3269 8901 4295 7368 6344 3788 2255 6865 5346 5349 7398 6893 4846 9965 6385 6899 8443 8958 7936 2817 3841 7943 778 2830 7954 8472 793 5406 2852 8998 5414 1832 4390 7462 3366 820 6977 323 5449 4938 2893 6488 8542 8033 354 2403 4450 1381 2420 6009 4989 896 4993 8579 1413 3463 2953 8588 5006 7054 1427 919 8604 2461 8615 6569 2478 9140 5045 9660 4034 4046 6103 6634 4076 9709
62 5123 13 3608 2585 8226 3619 6185 2099 9784 4676 9804 8269 5197 6222 589 9296 3682 3175 2663 8812 1645 1133 3180 9842 8821 629 5238 2169 2171 7292 4735 6793 655 147 8344 4270 2735 5815 6840 184 2745 1220 3268 3275 9420 3291 4320 736 8419 9451 6405 9991 4370 1820 5917 7454 4897 6446 1843 5940 5944 829 8010 6991 343 4441 861 1387 1901 7541 2936 4474 3962 6524 6526 7057 1941 4512 8100 5541 9124 1444 8102 8621 1455 4017 6587 445 9149 5053 7618 4041 7634 467 980 2515 3033 8665 7129 1511 8170 8172 9724 6653
63 2048 4105 2571 7182 2064 5649 6678 1047 2584 8222 1057 9255 1589 56 7234 8265 7755 3660 3165 5727 8815 6258 8320 3212 1680 145 1171 3223 7835 6812 6819 2723 8877 7355 6847 7875 9930 4814 2766 3793 8401 727 3288 6371 9446 6378 752 7921 5362 7413 3317 1279 4353 5899 8973 3854 8463 4881 9490 1302 5403 284 6436 5416 1837 5939 3380 309 1335 2359 3905 6978 9027 9540 9541 3908 840 9544 9554 4440 7012 7013 3436 8045 9586 3972 7564 400 3474 6036 2966 2970 9637 2471 6061 4533 6074 9150 8644 3013 3528 5065 1481 1995 7118 2514 985 5082 5599 7137 485 7153 1531
64 6662 3610 1577 2611 5685 3650 1607 3149 5202 84 1110 1624 2136 7258 3678 6239 3176 5738 2163 6776 7298 2691 2184 654 1683 5782 7836 5792 2218 1196 7347 6842 5317 6854 5319 5843 7892 9953 4327 6900 5899 4368 3348 1814 4378 8991 295 7979 7480 4926 8512 1869 5965 9041 9554 1362 6999 4962 356 4452 1895 877 1390 1904 6518 4985 9083 2940 1414 904 9610 2957 3471 3473 8603 9627 5021 6565 934 6569 3498 944 6066 449 962 3525 464 471 2016 8161 4580 4581 6119 9705 493 6637 2556 4094
65 6144 8206 1038 3600 1554 3604 8214 7198 2080 6706 3634 8765 2622 8255 6208 5698 68 3652 585 3683 3686 8807 7799 5242 6783 7303 3720 6811 1697 2731 8375 4799 201 205 4823 5336 8920 6875 8934 745 1821 798 5920 3364 3880 6441 6445 6454 1859 1869 6477 6478 6483 4445 4959 2913 3426 6501 3443 6516 1909 3451 2453 9621 5532 3496 4522 1453 9133 946 6067 6581 7620 9677 8144 4563 6105 6622 1503 8160 5603 9190 7655 1510 9191 5610 7660 8686 2544
66 8194 3601 9233 8212 2072 1562 7709 3617 2595 2601 4141 1582 9263 53 66 3141 7261 2653 1630 9824 5214 8806 1652 3192 129 3202 3209 3217 8345 9371 4764 7334 9895 9902 9394 3251 2229 4791 5820 192 7872 2754 9409 1746 1757 4846 7417 7422 265 5908 3860 3352 3864 4891 5404 9502 4385 8488 8495 6455 2871 2874 3899 1857 4427 3404 6989 6476 5967 333 6484 5466 9566 6497 3948 8562 9077 1398 9594 9597 8573 1407 6016 2441 7049 910 7058 3986 5522 7593 425 3008 1487 1489 5077 7645 6116 7146 8687 3056 2033 9715 6652 9725
67 5646 4118 3615 2083 5674 9773 4150 3645 9797 1619 3159 7769 8803 8814 2160 1137 2678 2682 2174 2177 4739 1669 133 9871 8849 8852 7833 6813 5278 2720 7338 4785 8889 9402 6841 4796 5828 714 1226 6346 2253 9936 4817 215 2775 3289 2277 746 9458 8436 762 6416 3348 2837 9498 6428 3358 6435 9520 2872 3388 6461 7998 7489 8525 9038 4948 1883 3932 3936 7008 2914 5984 7531 7535 9588 2937 6011 1922 394 7057 1940 6551 3483 1949 3496 7595 4546 7114 4050 979 2523 4572 9187 6639 4079
68 9216 8195 4101 4106 7691 2063 6163 3605 5656 8732 9252 1573 5678 1598 7749 5710 2129 8280 4188 1121 8298 1142 2167 4728 7807 5247 7809 6789 5779 9876 8853 1695 674 6319 3764 6326 193 7363 9414 8395 7373 7886 5328 6355 4820 8419 7404 771 4869 1286 9482 9998 5401 794 297 4909 1839 3377 4914 9014 9018 828 6467 6471 4936 2893 6480 4949 4439 6491 5982 3427 1383 5480 3945 7051 3469 5521 6039 1454 2479 3003 8124 9157 8134 5063 7624 5065 7122 4565 1004 2556
69 4609 7682 3597 4627 9751 5656 23 6687 8238 6703 3118 2097 3127 9789 6206 1103 591 9305 5722 7769 4699 6746 7267 8292 1636 9846 2698 8333 141 8859 8868 1700 6827 6318 7342 4275 4281 9408 7671 7876 715 2254 9434 5858 8937 1261 1264 5878 6908 5890 2826 3344 5396 1310 5926 823 7484 3390 1862 2887 9542 1872 1364 5973 9051 7004 3429 1911 1406 6016 4483 8585 5006 6545 8097 6054 5554 8136 984 3544 5595 2015 997 4075 7147 5103 496 5623 5624 3067 3580
70 9219 7685 3081 1546 5138 534 5155 7204 6699 557 5168 9265 4144 4663 5193 3658 9803 7756 3661 7762 6226 4697 4707 5735 6249 4204 8305 6773 121 5754 8324 1668 7812 7305 4758 9367 5270 2209 8354 4771 6309 179 7351 6330 4299 3281 7890 3285 1238 4314 7392 4832 7407 8440 6407 2313 4874 4371 9491 794 3372 5424 4920 6969 4416 8517 4938 330 9558 9046 5983 8545 1894 359 2411 2928 7028 8568 7544 9592 6523 1922 899 8578 2954 5518 3988 4503 2969 9141 2494 3518 1985 7619 969 1998 3022 8146 1498 5088 8672 992 4070 9702 6138 4606
71 9216 7 4105 8719 7702 2070 5675 4147 5178 1598 7232 7752 9806 1616 7251 3674 4191 9312 8294 5223 2681 5245 4224 9344 8834 4235 1175 7324 6302 5281 169 5804 2739 2230 9913 3770 1216 6851 4810 7885 3281 1235 4316 8187 4331 6384 7926 2807 9975 4863 9481 7948 7953 2837 3356 1825 9000 301 1326 3382 1847 1851 7996 7997 4414 2369 7491 7495 6472 1873 5481 3946 6517 5499 2943 1920 8582 903 1416 8073 6026 2961 2453 6552 3482 4507 1950 6050 5035 9650 9140 4029 6081 1476 5062 8135 968 977 3031 1500 3550 9195 2549 9205 3577 6651 3068
72 9729 8 9227 8212 4122 6180 8230 3118 8243 8244 1593 1600 5703 8264 6730 4685 8790 4185 3679 615 4199 5763 5766 2183 4744 7311 5272 8349 6814 3231 5290 1197 3763 9422 5840 1234 9940 8916 4828 6884 2281 2806 759 8441 9978 1276 254 5374 3844 3845 2312 5387 3855 7441 5950 3392 8002 4425 9040 8044 2932 381 9087 898 4485 2438 6027 6553 8106 7596 1471 8639 8645 8154 4070 5095 6636 4078 4083 5626 4603
73 3587 9226 11 4624 8209 7707 2076 7199 1063 4648 6184 2606 3631 8755 3636 7231 5189 5191 8778 5708 5712 9820 5733 102 7789 2159 3185 113 9335 5757 3710 9855 4738 1667 7301 649 1162 4243 6805 3228 4779 8882 691 5812 1716 5826 3782 6862 9943 5345 9462 4856 5885 1790 1280 7430 3337 783 2832 4369 5903 4375 7461 6958 312 9029 8006 4936 2383 8021 7512 1378 4455 2417 1910 4472 6521 1913 7549 4994 8596 5531 5032 436 7097 959 1996 9166 6095 3023 3029 1504 3045 5096 3562 493 7663 4592 2546
74 2564 1541 3094 6186 3120 4657 2614 7737 62 8770 9292 593 6747 93 8290 2661 3687 5738 6763 627 7795 119 2685 2688 6785 642 8325 6278 5771 4756 8347 6816 3239 5295 7856 5809 1212 4797 2750 5313 5337 5342 4834 9444 9956 745 7401 1770 3818 1771 3827 2299 6398 7945 5393 4369 1812 4374 1303 281 2850 5922 1326 6968 2367 9545 9557 8535 4956 6504 8048 8050 6003 3447 7035 7038 8067 6532 8071 5007 2960 8597 6045 7591 5546 3499 1459 6068 5561 6586 5567 5575 5067 3026 3028 2012 6109 7653 5104 8177 8690 4088 1017
75 6656 8706 3590 9225 1034 6671 6160 3089 3095 2074 9243 7194 8735 1570 1571 9770 4658 3635 9271 4664 573 1102 8784 3167 7273 5239 4731 4752 9875 2199 4248 1178 8350 4257 7846 3243 1709 696 8379 7881 5324 1740 1748 214 6876 3813 7402 4333 4342 5368 765 267 4879 1809 4370 5399 7965 6433 4898 802 7971 4907 9526 4407 6980 4421 4436 4458 3953 6517 1398 374 8061 382 3970 8598 1951 7584 5536 3490 9642 9645 1461 6585 1468 6593 8641 8137 3028 8151 5597 1509 5605 5610 3564 4080 1533
76 1 6664 4108 6669 8721 2583 25 3612 8221 4126 9249 4643 2089 2096 8245 8256 8769 5186 7750 8263 73 6733 4174 9309 8301 4717 9840 5233 7285 7289 3706 5245 7299 7813 4741 1672 1673 6795 5772 8851 4246 6807 7831 4763 4788 8891 4800 4289 1728 3791 2260 3799 9944 9963 236 2285 4844 7923 5364 1785 5882 266 1292 9497 7966 8992 9549 3412 7007 3942 364 6520 9080 3963 390 3990 6040 2470 4520 5556 9141 5558 7606 7096 5560 1979 5051 448 9669 6089 1481 8649 6618 9179 3552 6625 5090 1518 7156 9207 1529 2556 9727
77 8709 1032 5648 6674 9753 9756 35 7205 7206 5672 9768 1579 1079 6202 571 63 7744 5187 5720 4702 1119 9823 8801 7780 8300 110 1148 1670 3207 2696 6279 9866 2187 3722 7817 9360 2708 6806 6294 9378 7844 3748 680 9896 5805 6328 2235 5827 8395 9951 9960 6382 9968 7408 3829 8955 6909 9470 9988 3332 9479 3336 4360 268 5390 2319 5905 283 9507 5412 5419 9519 4408 1848 3910 3402 2380 2903 5000 8588 911 6035 2456 3998 9633 4515 6564 4007 7593 2997 8635 7615 9665 3538 6117 5094 8166 9716 8693 1528 3578 9727
78 7684 1035 2574 3603 3607 9241 5660 2041 31 9251 4131 9765 9779 1077 5704 6223 604 605 94 1119 6241 632 637 8321 646 5261 7321 3742 676 677 1191 8871 4271 186 7360 5824 8904 9416 7890 5845 9436 3804 3809 2276 761 9480 9483 2828 6414 2323 9215 6433 8488 297 8492 3895 6967 3386 4924 6972 854 3939 4453 2918 9062 9064 872 5996 7026 7538 4978 2421 2433 9602 6023 6032 6548 6555 2459 6046 9634 7078 2983 7081 5548 2989 2480 8115 7102 8139 6097 2007 985 5596 5086 505 2046
79 5635 10 1550 9231 8217 7706 1061 9256 2091 4653 9269 5182 2110 577 70 587 80 598 8279 3680 6754 8293 4709 5222 2153 6763 1131 6778 9851 3708 3709 2686 3198 5249 5255 9873 3218 2705 7318 3739 672 2740 5834 4818 9428 2268 3806 6367 9449 5867 4338 2298 7420 253 4862 5888 4867 6408 9994 6419 2324 5909 279 4893 4382 7969 7972 7973 296 822 9529 4415 2880 2373 2377 8024 5494 9595 902 3470 8593 4499 3987 8086 7073 8128 9154 4041 1999 5583 6104 6623 5600 4579 7144 6126 8186 9211 8703
80 5637 6153 7185 7699 1564 4642 6690 7716 8752 5170 2103 3133 6721 2122 9293 5197 4688 593 4178 6756 2661 9839 3186 1147 2692 7302 1671 8339 1691 7325 5799 8361 170 5295 9908 7866 9410 3786 3278 8912 2771 1243 226 9442 3812 9449 8438 8955 3839 257 2819 9485 6433 2851 4907 309 6455 4922 5435 1341 9534 8508 7489 834 6467 849 850 6998 5976 3932 9057 9572 3435 1912 4478 7050 8075 9113 7579 2980 933 7080 8111 4019 4539 446 5057 967 6600 7630 7631 2511 1492 7130 988 2528 6629 9193 5100 6645
81 3073 5121 5125 9734 9735 1551 5647 6672 7184 9235 9755 8221 2597 6188 9774 5167 3125 9282 1603 2627 1099 5709 1615 1630 612 7269 1638 8301 8813 5759 7808 9346 7812 6280 7317 7324 9884 7337 2733 6831 5295 1717 3766 2741 2763 7887 3283 7897 5874 6386 7425 9986 7453 4893 5407 7468 9008 831 9025 8007 4430 2385 852 1884 1896 2925 9581 5487 5999 881 2418 8072 6537 9610 3980 5518 921 6556 8099 9636 932 3491 439 6589 4032 963 2501 9670 4552 7625 3017 1992 8657 5078 3544 6107 480 2540
82 513 4625 6164 5669 4136 2600 3112 4649 2092 7222 5689 1082 4667 6210 3651 2119 2123 91 7772 1631 8805 2671 1135 6771 3189 9336 122 3200 8835 648 6797 2195 7828 3226 5786 7326 8353 2214 3754 8887 8376 3258 699 4286 8383 4810 3296 2274 7405 9966 1262 2292 1795 9487 1813 3353 8985 4894 9508 300 2351 3887 5941 5943 5956 5449 6474 5464 4444 2912 1892 876 8049 375 1917 7052 402 7574 1433 8089 924 7581 6568 6576 1969 435 3007 3520 6620 8156 7135 8677 2539 8684 4084 2044 7679
83 8192 4107 4110 8721 9240 8738 8229 5161 9259 6191 3640 2617 3649 9290 2125 7758 2639 79 3155 5719 9815 4188 7262 6246 5227 3692 6766 3190 9848 9862 2704 5781 8342 8345 1694 7842 4772 8885 1207 7866 8895 720 211 6359 3290 4836 5867 239 7415 4345 5377 271 3350 8989 5415 2861 1327 7993 9538 4931 7497 334 8017 338 1875 3924 1878 1879 7516 7519 9567 866 7524 9069 9589 6015 3977 393 3978 3983 6550 5017 8607 3487 6052 7087 7600 5581 9170 3548 4073 5118
84 513 3 8722 3093 5653 7705 7197 31 3114 2618 3132 4690 1618 2131 9303 2144 5739 9333 4215 4733 3199 5762 3205 2194 3734 8354 1189 5802 174 6328 5304 1720 6333 4803 4298 5326 3279 7377 6376 1778 9970 2301 5384 4874 4362 3856 6932 4374 8474 1819 9503 5412 6964 1849 5436 4940 7506 9561 7514 5978 870 9575 4459 7534 4464 1905 8564 6012 5506 5508 2953 9616 6033 6044 4513 5025 5027 2982 5551 6583 5568 1491 9686 7127 4056 9180 994 491 7661 6125 6129
85 9738 1553 18 538 540 544 2593 554 4143 1088 5697 66 77 4693 9304 6762 4206 7285 1662 640 7305 3209 651 6282 151 5273 3755 1712 8372 6836 1721 9914 8896 2242 2757 4806 5319 1738 5327 9424 2260 4311 1241 9947 2270 9953 1783 3832 6397 7424 9477 264 7959 6938 2334 6438 2346 1328 9530 2362 5949 3917 2400 1899 4462 3440 899 8594 914 7572 408 8601 7071 3999 5538 5547 1457 4018 5042 1974 8125 4545 972 1488 4051 468 1495 2010 3550 4582 6635 4081 9714 5107 2554 6141
86 2561 4100 7686 3078 5654 25 6171 2082 550 552 7209 1535 9777 8241 7221 7749 9800 7254 1114 7773 7777 2665 6767 6260 9845 9846 3194 9341 9854 2176 7810 6792 4747 156 7849 5297 1714 5833 9931 7372 2763 2259 7909 5864 4331 1260 9971 251 6910 3345 3858 792 800 9505 3872 1827 816 1334 2870 824 836 2889 8521 7503 8530 6996 1366 2904 9564 4963 8548 9576 9064 4971 7031 6519 2434 1411 4483 5507 6540 1427 5028 7591 936 4009 1960 8110 8643 966 465 3556 3049 2028 5101 1518 2550 9213
87 8708 6666 4119 1568 8740 6693 8746 558 3119 6197 9273 7738 9787 3648 578 9795 2630 2133 6742 4187 2143 6250 5229 633 8830 4234 7820 1679 2713 8860 8872 9386 4787 4278 6839 7868 3773 5312 5320 3283 9941 3290 1763 3812 5351 5863 6375 9453 7920 755 5373 2814 9981 1795 8456 1297 790 6945 6440 307 9019 7493 5449 6986 856 8540 9055 3936 4448 868 9060 9062 6500 5483 6509 1918 2431 3977 7567 7056 918 1944 412 9120 4524 6575 8623 2483 1460 6592 4035 9670 459 7628 4045 6614 982 6632 4585 1020 2558 5631
88 9730 9731 8711 2570 2572 5654 4631 535 27 9763 5162 7726 7216 7728 9776 1076 7733 7229 1598 4672 2635 4172 3665 1107 9813 1629 9313 7266 2674 1139 5235 2168 7290 2172 125 9363 2707 668 158 2208 3757 4786 1717 1208 187 2246 4297 1244 1245 4322 3814 3815 7911 2797 6896 4339 7930 2299 8956 4348 3325 2305 6404 1796 7944 2831 8471 280 1315 6447 5936 7984 4401 1331 1842 1334 826 3900 8000 321 6470 7508 2920 5483 2411 9075 6515 4982 891 5005 4501 2968 3993 8089 5022 4000 6570 432 3508 4538 4034 4560 6612 4578 7651 486 2025 9710 7154 5116
89 3596 7699 2583 3609 9766 5163 5164 7217 3641 9809 1618 8788 5717 1116 9821 8285 1122 1123 5731 4713 1133 5745 7284 4213 8310 8823 9853 5760 4229 5774 2210 684 4781 1206 6839 7866 1211 6845 8894 7877 6347 5328 7889 4824 4828 5853 6366 6368 1251 8433 8946 6902 1786 6396 8461 7951 3352 1816 6946 3885 7477 6457 8511 4932 7507 7001 8539 1887 5991 7021 3444 7029 6528 9088 9099 2965 8603 5537 1443 5542 3502 4530 2996 6584 7099 444 4036 1489 3027 7124 9691 1502 4581 6120 5611 4077 3569 1525 4094
90 1537 514 7173 3078 8206 548 6697 5172 4664 7225 1090 67 3659 1612 7760 5209 9820 3171 1134 2166 632 6268 3715 132 8332 4751 7313 2706 1172 1687 1185 3234 1187 3247 4802 5317 711 5836 4308 9435 9441 2279 3310 9967 2294 5887 1792 8701 7955 1305 7962 8473 1831 6446 308 2358 322 7492 5446 857 8031 7522 9059 1382 7530 2414 2931 5491 2419 7550 7554 9097 3467 8077 3472 5009 5529 410 7072 6048 7588 433 4039 4577 2532 488 2545 1011 1013 1530 5116 7677
91 7172 9 6154 9229 4117 4640 2592 9261 6190 51 2100 8757 5177 1598 1618 87 6743 4184 2145 4195 5223 4713 624 625 9341 6275 5765 3718 8838 648 8843 4607 3726 657 9877 1685 156 173 6320 2227 2236 189 6338 207 1232 3794 3795 3798 5860 7917 753 4341 1275 6402 3843 2309 9483 3852 3862 9496 7963 2857 9727 8494 9525 7989 324 5454 339 4952 9562 2915 1383 7020 6519 6008 2435 2437 9613 7570 7573 2455 8088 419 9635 8099 7078 5543 3492 4010 437 2485 3002 3008 6083 7623 1991 8667 6108 7138 1507 5092 4581 3050 7678 4095
92 6149 5130 7695 6683 8731 3099 3614 9758 5153 546 5157 3623 4137 7726 5682 9781 1081 4674 6722 6215 9289 6219 4689 6737 1106 6230 2142 7774 9833 9323 6254 6255 4720 3185 7792 9329 1658 8330 8850 5268 5269 6806 4249 3738 2720 4264 692 5304 697 2232 3771 701 8386 717 221 9950 3298 3302 3840 5379 9987 1288 4882 1816 8986 3373 2866 5434 1854 2895 5970 9560 859 8547 3432 6510 7541 2422 886 887 3957 4476 1410 6018 908 5016 9117 926 8609 4006 429 6064 9146 964 8645 7111 460 9678 3028 9686 8663 8670 6112 4064 7654 6119 1007 1524 7157
93 4096 1029 3077 6152 1548 1549 16 1557 2071 4633 8734 5151 5676 4655 5170 1078 6710 4155 8254 4166 5194 3148 6735 5201 6232 5208 1115 9825 7270 619 9325 6258 3191 5753 5244 7296 9349 5262 3222 4766 2211 8892 5315 2258 9942 2783 8419 9454 2808 7931 258 5902 1297 787 4377 4390 2854 2345 1323 1325 2873 6464 838 2395 7533 9073 6024 915 2975 1953 8611 6578 950 7609 3009 973 6094 5073 470 4567 9689 4571 9698 2536 7152 5112 1532 3069 2047
94 4611 4100 2565 8710 9236 4116 8240 3121 8753 1079 3643 9294 1620 2645 6741 7257 7771 3580 622 4734 4742 8855 1188 7348 5819 3259 4801 1731 4294 7369 1239 1755 8420 7910 6888 6378 5878 9475 6919 8462 8975 7952 5405 1311 1316 7471 3378 1332 1852 2888 336 4432 3415 856 9561 345 9048 3934 5986 3434 4461 3442 4468 9079 887 3460 1925 5004 5522 7059 5527 8090 7578 2990 2994 5057 7621 3014 1479 9672 4555 2513 5588 3030 7638 7128 3545 2524 5606 1514 8171 503 9721 3068 4093
95 6144 3073 5122 9737 5145 5659 5666 2084 9765 4644 3111 6705 50 7740 1085 2117 8261 1097 5206 9307 4194 4197 9832 1642 6765 6780 126 3210 3214 1693 8862 8863 7333 6833 697 9402 6341 713 4307 1246 2786 9964 4845 3309 5356 6907 3841 2822 5385 8480 6961 3893 1343 322 1864 1353 8009 8008 8019 8531 4440 5981 862 5984 9569 6000 2929 9076 374 9085 2434 5509 9609 1447 7093 1463 9148 1980 8638 6597 455 9160 8656 2006 985 2019 4074 5620 8181 8184 8189 3582
96 2051 1541 5641 8210 9239 4121 9760 5153 3620 549 9769 559 4144 6194 6200 5692 577 4675 8264 7243 7244 8785 4177 4186 5220 4202 8825 9339 8326 3729 7825 671 8870 4265 4266 3243 707 709 3782 710 7890 6867 9445 1781 7927 4346 7938 2310 7431 6930 3349 2841 3871 3874 2851 8482 8499 4919 7479 2875 7995 3399 9547 6496 2401 4454 2416 2935 3965 1921 1412 9092 2950 3466 5525 9630 8112 4017 7089 4534 950 8633 8637 9158 3530 1489 6616 4060 3037 6113 8675 493 8176 6132 506 508
97 6663 9740 8721 7700 6174 5668 4646 1582 6703 2101 59 5692 4673 70 8266 1626 5210 602 7261 1632 3174 9319 1640 4723 6773 8831 5770 2699 5775 666 9883 8865 4260 2725 1715 1204 8373 7863 5816 697 1722 1725 3779 6852 1734 9929 725 4825 8410 219 5365 4855 248 7937 8968 8470 2329 3870 8993 2849 801 6442 300 8502 9534 6463 8004 5445 3397 1871 5456 9571 2922 9590 2423 8054 3967 7047 9625 3484 4514 3494 5048 9662 6078 986 2032 9203 499 7669 8181 9719 504
98 7685 3598 20 4634 1052 7712 4641 4132 4133 553 7726 57 5690 8250 8253 9792 5185 6724 9288 5195 8270 8782 5202 612 9324 2675 1653 1144 8826 6268 5767 8331 7822 142 3731 9375 8355 4778 4267 9899 5298 1221 6362 9947 7388 2779 8446 769 5891 8453 6406 7944 7958 9506 807 9514 827 3391 3908 5964 845 6990 8527 3407 6482 9049 859 348 7005 7521 9058 6502 5481 875 8560 372 8571 9604 9607 8078 2962 4504 9632 8612 8103 9131 7083 4528 955 9660 7101 3006 1993 4048 6101 6636 3570 3573 7166
99 6147 2052 5125 8 7178 6675 1046 8216 4637 9250 5671 2090 4652 2613 9782 566 3640 8762 9283 3660 3169 6242 4709 8806 5225 4715 2670 7791 4722 5748 7285 6265 6266 5257 9360 3733 2713 665 6311 680 3241 5807 4274 1203 4280 9400 8377 8895 2760 6348 2767 8400 2774 2262 4827 6364 1759 8930 2789 8947 5881 763 9467 4865 2821 781 7439 8466 276 6937 3868 9001 9026 335 9042 342 3928 5979 863 4961 6498 9576 6014 4991 2432 1921 2448 6544 9618 7061 6557 1439 6049 1954 4523 3500 7597 2478 3501 8624 8114 2488 8129 5062 973 5589 3036 2527 6624 5095 2030 7161 4604 5117
