100
0 9219 4617 3099 7199 32 8740 8234 2610 8756 58 1594 3138 6723 7747 6214 3144 8779 594 5206 4696 604 7263 9318 8295 4729 2681 125 7294 8319 3204 3718 2184 3729 6296 1694 7327 6304 9387 1196 5300 8893 5828 4292 5321 4302 7887 2777 5856 737 3299 6884 8425 3307 3819 1771 6388 4346 8442 5887 1799 6412 3857 5398 3354 799 8480 9514 9015 2375 3911 9032 840 5968 4952 3929 5483 3441 2939 2429 7552 6019 6533 6024 1420 1941 2966 4509 2469 427 2477 429 5039 9139 4537 3010 5071 2518 7665 3057 511
1 8710 4105 9744 1048 5145 7201 549 2602 6203 6716 7740 2113 9796 9284 3153 601 3682 7779 614 7783 4205 9331 629 6774 1656 8839 3724 2701 141 4756 7837 7840 5285 4781 1198 693 9912 4291 7364 2756 5329 212 6868 2262 8411 7390 8928 2785 2273 3814 4840 3842 7426 9474 2830 4882 3863 811 5944 1850 1339 314 9536 8005 5957 6986 6481 8018 8021 7520 5479 7019 7546 1914 7551 4480 7039 7044 9103 7568 7571 3475 1436 6560 2472 943 4018 951 8639 2496 7108 9156 9670 2504 6093 3534 6605 8660 6613 2520 2524 5611 5099 4594 8179
2 2048 6150 9742 9745 8212 1067 7217 9271 3128 580 4165 1609 4176 593 7762 3156 3579 6744 5725 1649 116 6261 4726 8839 1167 4759 3227 1701 3765 693 7349 4281 2747 7868 2761 715 6862 3281 4306 5846 4318 6370 7395 1259 3313 7925 1782 1271 3326 6399 3330 4355 9474 4878 2831 6931 1818 1314 3369 1840 3383 6985 1356 3411 852 2901 9049 2906 5485 2422 4477 6528 1932 9616 1427 409 6572 8620 4015 9648 2992 957 1999 7126 3032 987 993 2532 5609 4585 7659 8173 8178 1014 1527 6646 7163
3 5123 1542 3594 17 4115 6683 30 9761 43 7217 2610 6711 9274 2619 3133 9277 8267 2644 9817 8794 606 5215 8801 1123 9327 1146 8828 4733 3198 3199 3203 643 7814 9353 650 6283 5260 7318 9371 2718 9379 3757 4782 7343 2225 2741 2742 3257 7354 187 188 5826 1218 3282 7383 8409 4321 8418 9443 5864 2282 6898 5879 8953 5370 771 6410 2828 4365 5902 272 5413 7977 4393 3883 6958 819 6459 7999 3393 5452 7504 8020 4954 2912 2402 1897 2412 5997 3446 9622 9118 6563 1994 3539 5591 985 5602 8165 8678 998 492 7677
4 6657 2062 1552 7697 9238 2083 5158 8233 5163 8747 6700 559 53 9784 7739 6204 7740 6715 4679 2139 9310 7775 6244 3177 5237 6777 5254 9357 9372 9893 1702 9900 3245 9388 5818 7354 4801 5829 4295 6867 730 4326 2811 8448 1284 263 6920 1804 5902 5906 6931 7956 2838 3865 7454 8481 9516 2356 7994 1339 5441 2886 3922 2394 5470 1902 4479 4995 7047 1927 1936 3474 918 7078 4521 7082 3499 1966 1455 1459 6074 4030 7108 8650 4565 4054 9186 995 9702 8169 9708 3564 3066
5 2048 6152 525 4109 8727 3609 2077 8228 5670 3638 8247 2105 7741 4157 5696 7234 66 78 8784 7765 4698 604 1120 6243 1642 6251 3694 7791 8818 3199 1169 7323 8859 7842 9382 3240 9406 9923 6341 5829 4813 3790 3792 5841 8402 6872 9437 8929 9960 5354 751 9455 1776 2296 8954 8448 7425 2307 3856 4373 7965 800 804 1829 2856 9520 7478 3383 9016 835 8515 7511 6499 868 867 874 364 8058 8574 3972 2952 5002 2467 932 420 2996 6596 7120 7637 984 990 2014 9706 4594 9209
6 1028 4119 6691 6692 1577 5163 562 566 5694 2119 8271 8793 9824 6247 5739 623 5236 3700 121 8317 9857 6284 4754 659 4258 7842 7857 4273 180 4282 2746 9918 8387 3272 3794 8917 730 6365 6367 228 9454 4342 1791 5381 1304 3354 797 7456 288 5935 9522 8501 1336 4927 9024 841 5461 857 1369 6491 6503 5992 4976 2427 1405 7046 5516 401 5527 7064 5023 7585 6053 425 2987 7599 4530 9138 6071 7095 8634 1984 5068 6606 6613 4565 4570 1499 8668 3042 7666 507 1021
7 4099 7174 539 2079 32 5665 3109 1081 582 8262 4683 7258 9312 98 6292 4252 7335 8876 9400 3259 2245 4810 4302 6354 5843 2260 2261 726 4323 8933 6886 5352 2282 2293 5878 9974 763 6919 8973 2839 4376 5911 4899 804 7465 7978 1845 1335 4408 4412 6979 3907 1862 2891 3922 9044 7517 2911 4448 9057 4966 3943 6503 4970 3436 6510 8057 1921 387 2436 2958 1942 8086 1951 2466 7082 8108 2484 7094 5054 5578 6090 6611 3544 9181 2014 8671 5088 5602 4579 8680 1004 4596 5109 5628 509 9727
8 5122 5 4104 13 1039 6160 8220 8227 5176 8254 574 2111 576 1095 9294 9809 7763 6227 3156 1628 8800 6764 8313 7816 3210 651 1171 6291 8853 1188 2727 6312 8876 2741 6326 8381 9918 191 5830 2773 4822 5334 7395 8932 5864 9972 5887 3327 4361 3852 5901 2318 2321 7446 6940 2857 4906 9003 7471 7990 1335 318 9023 326 3919 351 2912 2405 6507 6519 5496 9086 9089 2946 4489 7564 7566 4497 401 8101 8613 6065 4535 6592 7617 1475 7628 6092 1484 7124 7639 478 8164 9708 2046
9 2560 7684 3092 8214 3094 9752 1566 7713 8739 8232 9259 562 1587 3638 2623 1604 1098 7764 1623 612 9835 4210 1654 634 1658 8321 9859 3722 9869 6287 3728 8850 1173 4245 9371 2207 4256 3749 7851 7852 7355 6846 703 1222 6863 1240 5338 6382 6390 9976 4856 4873 6922 7436 5900 7440 6929 3858 4883 2327 6425 2844 4897 8997 6952 7471 318 3406 8014 8022 5976 1886 7525 871 365 9075 1399 8581 902 9100 7053 8078 910 9102 9107 9623 6040 2973 4014 4535 2498 7620 8148 9699 6628 9706 1004 4077 496 9201 8179 9208
10 1537 2567 9741 8718 2066 5139 7701 3101 8743 8754 3637 8247 3642 575 5188 2632 6732 3664 6230 1111 8793 2140 5733 5734 4197 8809 4715 6768 2679 8314 637 1152 3725 3214 148 2197 6809 673 6822 4263 7338 4781 5811 5819 3773 7879 7885 213 8422 3306 8427 8428 6380 2806 6401 7937 8452 1291 9485 9493 6934 6935 3359 8483 294 2858 2348 7473 309 3395 9547 2900 4950 5467 6494 1376 357 5990 1381 9066 882 1908 8569 4475 3457 7048 7560 2958 2959 9106 2977 4513 5540 9638 7608 3003 5566 451 1989 9686 489 3051 3054 8188 3583
11 6144 3595 7180 4112 6674 4629 2071 6680 9246 4648 2090 4656 4660 4664 5179 4159 8257 8774 9295 3674 5726 1633 5219 2663 8818 6771 9331 6778 7818 2193 3223 4251 7838 2215 5800 2730 7853 5305 4287 3269 2249 1747 2259 6869 7907 6385 754 9973 6391 6906 1799 4872 776 6922 1807 7952 2338 3363 7975 4400 4933 3400 7501 9037 9551 8020 6996 3421 7518 8033 2401 9573 2405 3949 7537 1906 7032 8570 3463 2446 9103 4506 3483 3486 9119 416 9639 5038 4527 8122 4030 3523 5061 4037 4565 6106 4571 4060 4573 2532 5609 1002 2551 3064 2045 9214
12 4624 7699 9749 25 3637 2616 576 8259 4685 5202 5729 6754 5222 112 2676 7297 2181 134 7307 6796 1676 8846 9874 2197 5786 673 1698 1191 9902 3762 3251 1202 3254 5814 5815 7866 1728 1732 3273 7890 3824 8434 7928 1275 6403 8969 7433 270 2831 5392 271 8979 8469 6422 1304 6426 2853 4392 300 9548 2892 8021 7000 1368 9568 1379 8037 8041 7549 3465 8079 5012 922 7067 2460 2464 1442 2986 5040 5041 436 6072 4542 6089 3018 4560 7123 5601 9193 5101 5106 9715 8190
13 4099 4611 13 7186 4115 6167 3608 7195 2591 8742 5673 3118 50 566 4670 4677 9815 5208 5210 5723 5242 635 5248 1664 7303 5256 9364 7320 5788 4253 4774 5289 5812 6329 3777 1730 7370 2252 204 8404 4310 9945 6874 5341 1768 6377 5355 4844 2800 5872 1270 8438 9464 4856 7941 1797 9482 3341 6416 2321 6419 3866 3875 803 8483 2343 5429 7990 8501 1342 6996 3413 7005 2911 7016 9579 9580 877 4972 5997 4465 8053 8069 7558 4487 9093 5005 1431 6040 8615 1449 1968 9137 3511 5566 7617 3021 4046 464 4573 2018 8176 5624 3065 8700 5630 7167
14 6145 2052 1031 8 4113 6168 1577 7729 5177 5181 4671 9815 6745 3161 5219 1124 101 9840 2161 7285 7287 7292 641 3204 1156 9354 1163 2700 9867 2710 9369 9882 670 6311 7335 5814 184 2749 4801 1223 2792 9962 6890 753 3828 5877 3316 2304 8468 7463 2855 3881 303 305 1844 9536 6976 4930 6983 8520 5962 1880 8537 2394 5468 4964 4967 3446 9094 1929 3468 909 1934 1425 9617 6041 4506 7068 9628 5535 6571 3516 455 8651 5600 3557 7147 7671 2552 511
15 2049 533 9248 8736 2084 2085 4646 4647 6696 1075 9277 4162 5698 1094 3150 9807 8786 5207 5722 3676 4708 6779 4221 7303 3211 8339 5789 3232 6311 5289 177 4279 695 9916 2249 9422 5840 7382 3290 6878 2784 8420 9958 4330 2795 4848 241 6896 3315 2302 7944 3342 2840 9498 9500 4896 1825 6435 2864 6960 6965 8502 9531 2364 1358 2383 4944 6479 7506 9556 4438 4960 869 8039 366 6003 8568 4480 3457 9091 9098 7076 8101 5035 7085 2995 6599 5069 3539 7641 475 5093 7144 9704 7656 3568 3571 1013 4602 5628 5629
16 6660 7179 2074 37 2602 3115 8752 8249 4667 8767 5716 2648 2650 6238 2661 2150 2156 7798 6775 634 2683 6271 8336 8854 2204 2723 1702 5289 7852 2225 6843 1724 2241 6337 2244 715 1742 7375 6354 7894 3798 1242 6371 748 5359 751 6386 7924 9471 3842 1288 2317 1294 5924 3371 1843 3385 8508 1340 319 4418 5458 2905 5466 3930 865 4456 5992 5484 9069 1910 891 4997 9616 402 6039 7577 5021 5023 9639 5038 3502 1465 3008 6093 5080 9178 7133 5606 8169 2538 9707 2035 509 3070
17 3586 8707 522 7181 3601 8214 8730 8218 8736 7200 4644 9767 7722 4139 7731 3638 7735 8763 9286 3145 1622 1626 4191 4202 5738 2164 1143 7806 5765 3213 145 4247 9886 9892 3749 2213 5286 1193 4273 3762 5316 1751 729 8411 6879 4319 5347 6887 7913 8938 5358 5871 3847 6415 4882 1811 4896 5937 8500 8506 7488 7489 1866 8014 7505 9042 6995 3921 342 7511 3417 9051 7523 4453 2405 8042 3435 9070 4470 2424 888 7552 3456 9091 2948 3460 391 1927 5006 7566 7571 9629 5540 1961 1451 433 7096 4540 3522 451 3527 3033 5088 3558 6127 9722
18 3073 8202 1549 9233 2588 1057 9252 4646 2554 8245 6205 574 5196 1101 6228 8281 2139 1119 5736 1643 4203 1137 7793 7794 4212 1654 9858 1667 6789 3717 9867 4237 6285 4751 9879 8857 673 2217 2731 8366 8878 6321 1214 6848 2246 5334 9433 5850 3803 3297 3810 3814 1777 4342 7417 1278 259 773 9990 6924 5391 7955 1816 6941 3374 8513 9542 1865 329 6986 1873 4436 5475 4963 9063 3439 5495 1403 7036 9603 4996 901 1923 2957 9615 7570 403 3475 6550 5016 9631 1957 4542 3012 8139 2529 9186 5097 2542 5618 2035 5620 4085 8698 2043
19 1038 3598 3606 8217 5148 30 9762 3107 2606 3120 2100 2108 2622 2635 590 1105 8284 8285 9320 2154 3691 5755 6795 1679 3733 7831 4760 7832 666 1687 7328 5800 7375 8400 3288 7905 4325 8941 5358 2824 6411 5402 1311 4384 4898 8994 7970 4389 5925 7976 6955 5953 6468 4431 5456 2898 8533 8024 6492 2916 5990 8551 9065 4459 9068 6001 9603 394 3466 9103 3475 3477 921 7066 4001 2985 941 9647 4020 8643 2499 5576 6096 5608 5613 8686 6130 1012 3572 7163 509 511
20 1025 4610 3591 7689 8714 8219 5149 5150 7209 4654 3118 3129 1598 4189 3677 94 612 8809 5228 5743 3188 629 9851 3196 2180 4231 4749 9876 9365 1172 1690 9376 4261 4776 2219 6320 9395 9910 1723 188 4801 198 2767 208 7377 2258 4820 2775 2781 9949 7394 230 248 4348 9993 2827 3342 5400 3353 4379 287 9510 1843 5432 9018 9029 9033 2891 847 4431 4952 1881 3417 2907 7515 4449 6515 9078 8569 2942 9603 388 9608 2953 8592 4520 4530 2483 8126 3523 6088 9687 3036 7136 8175 1525 501
21 8192 2049 2060 3085 6670 4623 6674 6167 5662 1566 9760 8240 5171 564 4660 8248 7230 1598 5192 7755 2123 8789 2653 7775 6249 3181 8302 8306 9343 5767 2184 7315 1686 5271 8859 7332 6832 7355 1212 5830 4810 3790 3286 6358 4313 7899 2273 745 5354 4332 4344 7929 1801 3867 6430 2850 3879 7977 4907 3890 8512 2889 3403 9582 9588 6525 8066 9603 3460 4493 7058 926 928 2475 5035 6063 4529 2995 2996 2486 3511 4023 6582 7101 5056 5570 8643 2499 8133 7627 8150 3044 486 9708 9712 7669 6654
22 5633 516 8714 7693 6157 2582 8217 30 3628 1073 3125 3127 578 2127 3664 4694 1113 9308 1124 5733 6245 618 2670 1663 8842 1176 8862 2217 1199 6844 195 8906 1738 7376 8914 6867 722 1751 1753 4317 9953 2794 7914 7923 6389 6905 5379 7428 7433 2316 5902 7952 6936 4378 4379 3877 806 8485 1836 304 7476 2869 5952 6977 4932 2892 9043 8540 2918 876 9587 886 7549 8068 6022 9105 4505 8094 5023 5545 9649 7607 9153 3025 7122 4052 8660 6613 5595 2022 2537 8174 8687 2035
23 9739 9229 4623 5139 5147 28 8236 558 2614 8761 8763 6717 2622 8776 2635 8267 82 8276 8804 3685 4712 9322 8810 8830 7295 5260 7309 8340 1173 2713 8858 4770 6825 685 5308 2238 3774 6349 3281 2257 2769 2261 6870 736 2799 1776 6385 1266 3825 7413 7925 8439 7417 9472 8450 4354 8965 8976 8978 8983 7972 7464 8497 6451 317 9535 1357 4942 1875 3930 3940 4967 8552 4459 9580 6508 5493 2938 3975 5522 6037 2454 9625 7070 5032 5041 9138 949 7103 453 3019 4044 4047 7641 2525 8672 1506 4581 7149 2543 9211
24 6660 7687 6155 5133 9742 527 5139 5147 1572 4139 6701 6708 2630 8776 4684 5199 8272 601 6745 1123 6245 8303 114 115 5749 8313 7293 3711 4739 1673 7824 4242 4245 8356 4263 8873 2219 7344 4806 6858 2774 9434 7918 4861 7434 3851 6411 4366 8975 1296 3858 9494 6423 6433 6434 808 3890 4404 1345 6465 840 2891 2893 2894 1360 337 8530 7510 4953 8550 4969 6507 5997 4974 5488 882 3966 2955 1420 6556 929 1956 5544 6060 2989 2478 6071 9661 5062 6090 8664 4059 8159 6115 492 6638 8185 1018
25 8192 6657 5640 3082 5646 1551 3088 9250 556 9778 5683 5173 8766 4160 4164 584 8265 4685 6231 8794 8799 96 9312 4706 4710 1128 3689 8809 9326 5744 4208 1140 9342 2174 7811 6794 7819 662 5627 7327 8868 3237 171 4268 3248 2743 9403 4797 8894 2752 8388 2761 721 8401 3291 3806 4832 3810 4323 6887 1769 6383 4350 4363 5901 3858 1307 2844 6942 2342 814 3379 1338 7495 5961 2898 2388 6485 859 3420 8030 3438 3961 6017 7558 6535 7561 2953 8590 2448 4508 9634 1957 424 4521 4530 2487 3512 2496 966 970 3024 7636 7133 1502 5608 7148 2541 3058 5111 2555
26 5638 9737 6157 16 529 8211 4629 534 9251 3622 8240 5681 9800 3660 6225 8281 2652 3684 104 3689 7787 8306 5235 4722 6261 1654 7293 2695 6795 143 6802 157 2721 162 9380 4774 4781 3259 6333 9917 3262 4288 4290 1738 4814 5328 4310 8412 9440 2786 8428 3319 8447 5376 1802 1291 2317 9998 2831 5904 7443 7964 9001 5420 4913 5942 2873 6469 1349 1865 6489 873 3435 2930 8562 3444 2947 9093 8587 6542 6031 9106 9625 925 938 4013 6063 6579 3516 4547 7110 7116 8658 3542 9686 7126 3548 5089 7655 8679 8688 1009 7162
27 8197 6149 5643 3086 16 2590 2599 1066 6189 6703 7216 5684 9780 1080 5177 58 6723 581 1609 6734 7761 8792 5209 609 100 2665 4716 5742 3699 3188 118 3195 1667 5780 9380 6336 8389 4296 9930 6352 9424 3798 7387 6369 5361 7931 9468 9988 4356 6413 8465 4376 4899 292 1316 5924 805 9524 2363 2878 2367 8001 4418 1871 4435 5979 863 2400 1891 8548 8039 2937 7545 4986 8572 1406 895 396 5006 2964 1946 3994 2462 6559 6573 6063 1457 5043 6079 5571 9159 1481 2000 8658 2020 8682 3566 9711
28 9220 5125 9222 1033 9738 9230 4113 6162 9746 17 9745 9751 3611 4127 5151 2084 9786 4673 5702 9287 6728 8776 7755 6228 3668 1111 8282 2667 7799 3712 8833 9858 1155 8325 9867 3733 7831 3246 8366 4272 8890 197 8391 7367 6350 9429 6360 4319 8186 7396 1765 9450 751 6895 242 5880 258 9989 263 3856 6416 6428 2848 6956 1839 4412 1345 5443 1353 1867 843 9550 2383 1875 8024 2393 4960 2406 5990 8041 1393 7540 3445 7031 2948 1414 5005 4494 8078 8077 6549 2971 5538 2476 9651 1481 458 5065 8651 9169 8147 475 3044 2024 491 7160 7674 6654
29 512 8205 4113 7185 8212 7703 7193 9754 1060 9771 54 9783 3641 3133 9790 4682 2639 3665 4179 2155 5227 1647 1666 2189 1166 7824 3728 8851 661 9368 666 155 8346 9373 3743 1204 9909 7880 8396 7376 4320 9953 6889 9452 749 8947 8436 3831 1786 7934 1802 6929 5911 5400 8995 5414 4902 6445 3376 3381 6455 2370 9026 837 8519 7499 4428 1870 9558 859 4445 3422 7520 8548 5995 6508 3437 4977 9601 2439 8586 1930 396 913 1428 9626 2463 1446 1961 1451 3511 7098 5061 4044 1489 9171 2013 9697 7650 5089 4582 8167 8683 2034 4086
30 9728 8705 4613 7176 1544 3601 5141 2603 6187 9774 576 1608 9298 1116 7781 8300 109 7790 9328 1138 3705 4737 1674 6283 7314 7832 7322 6647 4773 3238 8874 2743 3268 9928 2768 220 9954 6883 742 2287 4340 5876 4853 2295 5369 6912 8963 1802 779 5387 9503 4384 289 5407 2346 8491 3883 9517 6962 9026 5450 7499 2897 9553 1371 2912 9058 8548 8039 6505 8046 8559 377 6018 6021 9093 6028 2962 9624 2991 5040 6081 8131 7628 8142 9170 9175 2011 3549 4574 2541 4599
31 4097 8707 21 2073 2077 9245 2604 6189 9774 4658 9269 9784 8251 6716 8258 71 6217 9291 7252 1124 9320 1129 2152 8299 4216 9853 1157 4239 2193 1686 5274 8348 2717 9890 4775 6312 6829 176 6841 5313 7361 1729 708 5832 8397 4305 7889 3797 7397 8935 7400 2799 7931 2812 3836 252 9478 4359 7946 1815 6947 5929 1321 318 4419 9539 2373 9541 2375 1355 3919 8018 853 9561 1891 7523 1393 7034 1931 399 2448 1946 5021 3485 8101 4520 431 2992 2995 7607 7100 1981 3004 8135 8671 5604 9194 1006 6648 8191
32 2574 4114 3604 3605 8727 1563 551 1579 4657 7218 8243 7223 6718 4681 604 3166 2655 97 1128 8309 3705 6266 9370 5792 9890 6307 6309 9381 2738 1202 182 3257 9404 8381 8892 5316 5323 9931 4315 1756 8421 745 1259 5356 2799 9971 7413 3833 4347 8451 9481 8464 7450 6942 6443 7468 7980 306 2354 818 2879 3903 840 845 334 2386 4958 4964 4965 3433 7017 876 6513 9597 3474 1938 2454 2461 9630 5540 8617 8122 6587 9659 8640 1474 4550 9174 6618 2016 8673 5090 1505 1512 5609 3568
33 7694 7695 1552 6167 6697 9261 2093 7218 4168 7242 5706 5709 1614 2639 5713 2130 3157 2139 6237 1127 3182 5742 7280 2670 9341 7806 5771 1681 9366 5797 2216 6825 4789 9401 188 3777 6852 6340 8399 720 1744 7891 215 1758 8417 7916 8940 2300 9469 4352 259 1284 7941 5388 2318 3861 4899 6438 9002 4919 5442 4419 5970 5461 7513 9054 8543 879 1418 6556 6557 9631 7080 7091 948 8632 7096 955 5568 5570 7106 5576 8652 463 4048 8656 3029 4565 474 8675 9700 5618 3572 1017
34 3586 9226 7180 5653 4633 9755 4125 4652 53 5686 1079 8250 5179 6716 2622 577 2116 1612 5200 9814 3671 96 614 6248 9321 6766 5230 1137 7798 7295 8323 131 1675 6799 4758 6300 669 5277 9888 1209 3259 8382 708 3783 9418 3277 6354 3800 6879 1761 5872 2291 757 255 9472 776 6409 6922 1291 4387 9507 3879 822 9028 3926 4950 1380 9578 7536 5489 3955 8054 1409 387 7055 5023 8096 9123 9129 5548 4021 4547 8645 7115 9676 3533 9175 2016 998 2539 7148 2027 7147 8703
35 1537 6659 6669 3602 4129 1569 6701 9264 52 1589 1596 6205 3065 71 8776 4694 2648 5212 1630 101 6759 7272 4713 5741 5230 7827 5277 3743 4262 6825 9389 685 5300 5822 7359 6336 5826 714 1739 723 9434 5350 1775 1776 3316 5365 1787 252 2812 8445 8191 3328 6917 3337 9994 9999 2320 2330 1823 1320 7467 4405 5429 3383 831 8514 834 4933 5446 8020 1877 4451 869 1898 2926 1391 5490 883 5497 5500 7556 5000 9097 5006 3986 409 923 1951 1958 1961 6063 7089 7104 1478 6599 1481 7123 5587 3546 9707 5614 6643 5624 4089 5114 7167
36 8195 3078 1040 1043 2586 3618 547 7730 9795 8772 6724 69 2636 81 4691 2644 4183 2135 606 8287 7274 9322 8300 2670 6255 6259 1154 3719 4748 658 8867 7844 1702 2215 9383 8873 2220 9391 9909 3766 1215 9921 3781 6855 2249 8399 1747 9438 8417 8933 1772 1277 3837 261 6406 9992 8458 4367 2833 2323 1299 5397 9499 7964 4904 4402 3893 5437 2368 2369 5468 5988 3431 889 9593 9597 2945 6531 7563 397 2446 3997 5023 421 3497 9651 9139 7605 6070 8631 3513 955 8636 7616 7140 3561 7151 2555
37 514 5123 2053 2057 1549 5144 9762 2083 7724 7213 1070 6190 6192 1071 6709 5691 8255 2111 582 3655 2630 1609 8783 6257 2675 9845 8830 5251 6285 2191 1167 7317 1689 1691 7330 6310 1192 6314 9393 9906 7859 9909 7355 6338 3782 8392 730 8928 5345 229 8936 8941 8944 9459 758 3322 7427 259 269 8984 7449 3879 6444 819 9021 3393 3919 5968 6996 5978 2400 9568 1889 9571 9067 9582 5487 8050 7555 900 6537 1931 2957 2447 9111 925 2983 6059 7084 4011 2483 8122 5565 9158 5079 488 7672
38 8192 7170 5132 6158 5135 19 2067 1561 6170 3097 7709 5158 1065 4143 2098 8243 3646 3135 1101 5714 84 604 8289 1657 3195 8833 1666 136 1161 6803 2709 5783 9904 8371 692 4789 4795 3772 9925 6854 8394 5844 3293 3295 1252 3307 4334 3825 8435 244 6901 7925 7412 2302 259 5383 6927 4880 7445 1821 2848 4393 6441 7982 5951 5953 3398 327 1865 5459 9565 8547 4451 6507 7532 363 2927 369 9591 6009 4990 8063 9614 2962 5530 8604 8095 2976 6049 419 3507 5569 9671 6602 8653 5070 2513 4561 9175 477 7647 9697 9187 6119 9710 5617 9718
39 2563 9223 5642 16 5139 1566 3109 7214 2104 4153 2621 8258 70 6729 7755 4175 6234 5723 4708 5736 1132 4721 120 2684 6274 1673 9355 6287 6292 7828 1173 1178 4257 2219 6831 1711 9903 5299 9396 9397 9914 7366 3282 9428 1236 1240 6875 7391 1762 1764 5865 4330 4842 9453 749 1773 758 2809 9468 6913 6922 3343 4368 4372 8476 8487 3879 2860 3893 9015 7993 5456 5459 8021 2392 9049 3944 8041 3952 3448 6021 3978 5002 3478 2455 7576 5532 931 428 9656 2490 4549 6085 975 6608 9693 9182 1506 1006 9204 5620 4086 6647 3583
40 3080 6680 3097 2074 3099 5151 2087 4136 4147 2621 7742 7241 7754 2636 6733 8273 6226 7770 617 2155 115 6775 8313 2178 7309 144 2192 149 9368 4761 153 5292 6320 8393 3282 6357 2790 6374 3308 752 9969 2299 8958 8959 6405 6931 1300 282 1307 1312 9507 5923 2868 1858 4418 835 840 1357 3408 9044 1878 9562 4954 8544 4455 2407 5994 7022 3951 1902 3450 8573 9598 8062 1408 3969 1411 3979 4493 6031 405 2466 1443 7082 5550 943 445 447 8646 3526 9675 3021 5077 7134 4062 9694 8674 9188 6127 7675 7679
41 7684 6151 7694 3099 6684 2589 9760 8739 1572 45 6197 2109 2625 8781 6737 82 4179 3156 6738 4196 4200 6249 7280 3696 8821 8311 2684 4224 3712 6272 7301 4229 4744 9355 9872 9875 6810 4770 9387 5807 9905 7858 692 5815 2755 3781 1223 5837 5844 1253 3304 1776 2294 6398 8960 3847 9995 3851 2320 9501 7977 5422 7988 315 9539 835 6983 3403 4428 1878 3423 357 2919 4968 8554 1388 5998 1392 8561 2941 384 6531 392 7048 2454 8613 2482 6074 6076 2493 1470 4032 5577 457 7640 4058 5090 5093 1000 8170 7660 8182 2551 6137
42 2570 1546 9232 5137 529 7703 539 4123 1058 9252 3628 8241 3122 3639 58 2619 1604 3144 9801 2633 4689 5721 6235 4705 3177 5227 621 625 7796 8828 3709 637 8833 4227 8324 4235 139 1677 9872 8338 9362 5784 6303 6823 6824 8877 5806 6831 9392 7346 5811 9395 6325 4794 3261 2765 717 9946 6887 8941 9977 4857 3324 8446 9473 7441 1810 8466 6417 7449 1305 8476 5917 7972 6439 9511 7980 1329 3396 4935 9031 1357 6994 4949 3414 1878 2406 8040 4972 4973 9073 3975 2440 7566 7055 6548 8090 412 1959 9648 4016 5046 7095 4023 3004 4031 6084 8133 462 3033 9178 8155 5102 3578
43 2 7690 8721 9252 7206 2600 40 9783 4152 6714 5181 9277 2118 4176 2141 4599 7781 2665 8813 2158 623 2674 9854 7807 9860 1688 1691 2716 156 6301 6300 3746 2221 6319 178 2237 6848 1216 7363 7877 4810 8909 5842 5848 217 4314 733 1758 4325 6894 753 9460 5883 9979 9994 5898 5900 2317 785 1825 6436 5930 3882 5427 3383 2360 4418 6982 330 331 9036 4431 6496 5484 2937 8062 5504 4482 3467 5520 3985 8596 3992 7582 8617 5546 2990 8112 5555 951 2493 5572 5060 472 6617 3546 475 3548 479 2024 8692 4086 8695 5110 7676
44 8714 531 533 5657 4127 1064 2091 7734 8247 3133 8767 2118 7751 4681 5209 5212 1629 1119 4191 2150 3698 5751 2169 4222 3727 7829 8344 8354 5288 1706 2744 1225 203 1741 7374 6869 8405 2263 2279 6381 2799 2804 3326 8446 1294 8467 8469 2844 9501 4894 1314 4389 302 4914 9525 6968 6460 1344 5447 8519 5453 6992 848 2385 5463 9057 1890 8560 6006 6025 8588 2444 6542 7054 1421 9620 9111 5535 6560 1951 933 1446 1962 5549 447 8642 970 8653 4557 9167 2523 8669 5101 4082 4602 8191
45 1024 7683 1032 2568 9743 2577 4115 4629 8729 3098 2073 2074 6170 4638 4129 6184 560 57 1087 2624 1092 7756 4685 5197 3683 5736 7786 6252 7278 2693 1160 5266 8348 6307 683 4782 2223 3774 1215 9412 7889 4310 9440 2786 9955 2286 753 9459 4350 7428 3847 263 7957 4892 6428 1311 8992 5409 9515 3884 5421 3375 8501 314 4926 9547 8016 5972 340 6490 9563 868 873 9066 5996 1400 4985 2426 9083 6014 1932 1420 6543 1938 6563 9639 5551 946 8656 6611 6103 7645 477 9697 9727
46 4611 8196 7174 7177 6665 6669 7183 7698 7708 8239 2609 2105 5690 2113 5213 97 2148 5221 6765 6772 8820 9334 3705 9345 6795 6286 9876 5793 163 5285 5296 9404 1727 7875 5322 3275 8909 6861 7888 209 4817 8915 6360 1243 5857 7410 3315 2810 7931 4355 4871 6926 1806 8976 282 1309 6432 6442 2861 1847 4920 2875 7487 4417 2371 1349 8020 1367 5468 7010 6507 1399 4473 901 2952 2442 1456 8626 7613 8642 9666 8648 6616 9690 993 1512 8170 6130 6133 6136 509
47 8712 6670 5647 531 532 3609 2074 8221 5662 6695 43 2608 561 7732 9783 3154 1112 600 1120 3688 6257 7802 5755 4737 4227 5764 3206 135 8840 7819 4240 6295 6304 8353 1699 8359 7856 3249 9906 5819 5308 5311 3781 6344 3281 741 6373 1772 8943 5363 1270 9470 8959 5892 1290 780 3855 3344 1809 7952 2324 6426 8988 6944 7972 299 5419 6960 6448 3897 8522 331 342 5463 6495 353 5480 1897 5994 1903 3442 5492 3465 4491 2453 931 9640 5562 4554 987 5099 7659 8690 2035 4087
48 3587 3593 5131 524 25 9247 2594 4135 1066 7757 590 3666 8819 4211 3187 4730 5246 2686 8323 2189 3729 8854 151 4250 4775 3242 9391 9392 7871 7360 7889 7891 5332 8917 8406 5336 1256 2280 2805 1782 8445 1278 5887 5893 3340 8981 793 7457 1829 3881 1834 821 4929 6467 4423 7500 3406 3919 5968 8027 860 4445 3428 1380 1383 8554 6508 9072 369 8059 4477 8063 3455 385 7042 388 7562 908 406 933 430 7092 8628 953 7615 9671 9162 5584 474 9692 483 2532 6115 7147 1004 6124 7676 4094
49 518 9223 7688 7699 8234 4668 1602 5698 9284 1093 1096 3680 2146 8806 7272 2154 3698 2679 4737 2691 149 7842 5802 3248 2754 5830 198 7372 8401 6354 1749 7381 8919 3287 6871 8925 735 2273 7395 5348 229 8931 2801 3826 8436 4343 7415 2297 4857 5883 9475 2824 9486 786 3368 4394 7468 3374 5422 4402 4917 9037 6478 3924 4437 1885 8042 2410 5486 8566 1916 6527 4479 2951 4498 1942 5015 8618 8108 3503 1457 3514 9147 7612 3008 9668 7121 7123 2004 8661 8662 9687 8152 4569 3546 476 9189 6641 2549 2040 1020
50 3075 1539 4619 1037 9755 7214 4153 6713 9274 6716 1596 9792 4683 6238 8295 4711 7281 3710 4249 6299 7841 9380 7333 6829 7857 7861 9402 2245 8390 6856 7381 8407 4313 5853 742 5871 7919 5881 1286 9481 3338 790 2327 6427 7451 1826 5413 2344 9512 7466 1837 4918 8512 2882 328 8524 2897 9555 6494 8035 1381 2923 3947 9068 3439 9082 2939 892 7039 4995 6028 4496 4500 1943 923 1436 4003 5043 9143 952 4024 954 9147 6586 7096 7618 9666 456 9673 1486 9681 4055 8678 5618 7671 3064 4601 9726
51 4612 518 7175 5136 5650 5661 3618 34 9766 2087 6694 2607 7729 3125 3130 9274 2109 7257 1115 7265 9314 3684 4198 114 3701 7285 644 135 5769 6281 9865 2716 5280 2721 6816 6316 9917 6338 3270 6857 2252 6349 1228 7888 1232 4818 3282 1236 6867 1233 3294 7390 1259 7405 1776 7922 4344 5372 6911 4355 9997 3854 4881 5913 2333 7467 1333 5943 3383 1855 9550 9552 1374 2911 6495 355 2408 7528 5996 2424 5502 3976 8080 1936 940 6061 2989 8642 452 9159 472 4059 8168 4073 1529 1021
52 7193 8730 3627 3116 4142 9262 6707 7741 8254 5695 2623 2114 8265 5194 8789 5207 7256 1623 92 7776 8808 3699 7288 9851 3201 8321 5259 7824 5272 8869 3238 1191 6826 3757 1201 2746 217 5851 5344 225 7906 9443 2784 5348 5880 1800 1801 7950 6421 1822 8993 4898 291 817 7488 9026 841 4940 2382 2387 1379 868 1385 1389 4982 5498 8060 2947 9094 6024 5513 6545 7062 7582 9630 5024 9119 1954 3504 9139 4531 5049 4033 5063 4040 3532 7635 980 2525 1503 8677 9716 5621 4598 3576 2554
53 1026 3589 11 1037 6159 7699 1053 30 7711 2596 1577 5165 7219 2616 3135 582 8268 591 2640 8275 2132 9811 8800 1634 6757 7276 8814 4722 7283 120 6790 3720 5259 3213 4239 6800 143 5784 9368 9379 8358 8362 8891 9925 7880 2249 9936 8404 6359 7896 8408 1242 734 1760 6373 5357 5870 1263 5869 751 5884 263 1289 7438 2839 6434 806 8489 5422 4410 1342 1358 6481 5988 2927 9593 5498 898 5002 5515 2971 413 2973 418 9122 420 9638 934 8108 429 4526 1457 434 7603 1976 6590 461 3535 7641 7643 9695 5102 507
54 7168 5635 2566 2569 5642 1554 5139 4629 3609 538 1058 8233 7723 2105 9788 4673 9807 1616 6740 4190 97 3684 4198 7287 1148 8318 642 8838 5256 1673 9354 6796 6286 4250 2715 5276 8861 3745 5300 7866 8891 4802 1730 7878 4808 3275 1741 4831 735 4326 9461 9974 5881 1788 5379 261 5382 6924 7437 4372 3352 9500 6944 802 1319 2351 6966 6461 5951 5440 6478 8020 4951 3419 6501 3944 5996 4975 8567 5496 8063 8068 2437 3464 9097 2956 9614 8597 5014 4503 9110 6557 937 9645 9648 6069 9148 6591 7107 452 966 7122 6622 7649 999 6121 5610 7147 3567 8695
55 514 5639 2589 3624 4656 3634 6195 56 569 8765 3140 6216 3147 5707 2638 8273 7765 5721 8798 6240 1129 9323 2155 4724 8838 7302 4755 5299 6326 9404 9421 3280 4817 6363 2781 3810 4835 5350 5864 9967 2288 1782 9468 1279 6913 5380 7947 1295 1296 1304 5401 798 5409 1316 5422 5428 821 6969 2369 5441 1860 5450 6479 8018 5461 5465 4953 1377 7523 3940 370 6007 893 8071 4490 407 6056 6575 4535 9145 9665 2500 8645 8646 9162 458 6604 3036 8157 9701 2021 2552 8702
56 3587 9221 10 6667 8723 1044 7189 8724 9240 9242 1051 5667 4650 6698 3116 3119 49 5683 4661 1589 8246 5176 1086 8258 9286 7238 7240 4700 4191 8288 3168 608 5731 9318 3182 4223 8842 8337 9879 669 4254 8864 170 5812 1222 9417 1739 3284 9958 6891 7405 9454 5873 4852 8955 7933 7442 786 6424 5414 297 1839 7478 8510 830 9534 6468 2374 9035 3920 852 342 8022 9560 5977 4953 343 8032 9569 3940 4454 5503 6528 5000 6537 6539 8087 9118 8119 973 6611 5616 6641 4596 4091
57 2567 1545 5129 6667 527 4630 6679 7207 7720 8751 8243 3127 7736 5176 6715 1085 8258 9284 2629 9800 8267 9294 2126 8278 5725 4708 7799 3193 643 8840 8845 5776 1682 7322 667 2715 4768 4769 1705 2217 8875 180 2743 8902 200 4812 7375 5328 8400 4818 7892 1751 8922 4321 7396 8937 8949 6908 2822 2824 5900 1300 7455 2344 6451 1345 3404 4433 9042 8537 5476 2410 7020 4466 371 1396 9082 1930 5003 399 916 1428 4509 2464 5540 9126 4538 443 3008 960 4037 9670 1484 3533 1490 7642 481 2018 4068 485 998 7143 4581 9715 2557 9214 511
58 6656 5639 5127 8202 8715 8717 6674 5679 4665 8763 2620 8253 6722 3156 1108 604 6249 4207 9328 5232 1656 6267 4740 8333 3730 9376 8866 3236 4266 9388 7342 7855 3256 6331 8894 9920 7873 3776 4804 2246 2759 4806 7372 1233 1235 4822 4322 2278 9446 7914 7410 2802 2297 2811 4872 8459 3852 4379 1309 4396 7472 5942 2875 1856 9550 2896 7509 3927 2393 865 5985 1897 362 9584 7539 8566 7036 8575 5511 1418 414 2462 9634 9646 2480 7615 7619 1480 5072 7634 981 2519 2534 8681 4080 7155 9206 1022
59 8705 3076 4103 1019 2572 2576 7701 8225 9258 2094 2095 1585 9778 5192 2633 3151 9295 5202 8284 4700 8297 2666 4724 4733 9347 8836 9361 7318 7319 7832 157 1192 1710 7352 3259 192 4291 1222 8904 203 1230 9427 1244 5343 5344 9955 5869 7917 5360 7922 1780 8957 5378 6915 4361 6923 9485 6932 7445 3353 2853 5414 304 6451 2355 4919 8514 7493 330 1358 340 8021 9045 8535 3932 8549 7528 7034 2430 2442 1420 5524 8599 3481 8610 7074 4008 3506 9654 3007 8138 7119 3052 2543 1521 3571 4597 9720 9723
60 6144 3075 6147 6665 1047 3097 7202 8228 9252 7722 3115 8246 9277 3654 6222 4697 8300 635 638 2175 3714 2697 1676 653 4753 6293 2718 6303 9387 2732 1710 6321 5307 700 7869 1215 4804 2761 3274 7883 6349 9936 7385 3807 3297 8418 4324 234 5870 2287 6394 7936 3840 2306 9990 6920 776 4372 1815 8472 4378 8480 1315 2343 809 3883 2864 2355 5428 5431 8505 6971 8006 3398 5447 6473 5962 1371 5984 5985 4471 7032 1920 7553 386 2434 1417 2442 8077 3982 2964 6042 6044 930 1961 3501 8628 4026 6616 7132 6127 7158 5115 1023
61 4100 2567 8200 2067 5151 5153 33 9770 8237 1582 2607 4144 5684 1601 9793 579 5193 3680 7776 9829 3692 2670 8814 8819 3210 6288 9361 3224 2713 8862 6307 5284 7843 7339 4269 5813 5302 3266 3269 4295 7368 2255 6865 9440 5349 7398 4846 6385 6899 7932 8958 7936 2817 3841 7943 2830 7954 8472 9497 793 5406 7970 2852 8998 5414 1832 4390 7462 3366 820 6969 6977 323 5449 4938 2893 6488 8542 8033 354 2403 1381 1898 2420 6009 4989 896 8579 3463 2953 8588 5006 7054 1427 919 8604 2461 9631 8615 6569 2478 9140 5045 9660 4034 5072 6103 472 9709
62 5123 13 4113 3608 2585 6680 541 8226 4647 6185 9784 3647 4676 3140 8269 5197 6222 589 8276 5724 7776 3682 8812 1645 1133 8821 629 2169 2171 7292 4735 8836 6793 9870 655 147 8344 9370 4270 5815 6840 184 2236 1214 2750 1220 8391 3275 9420 3291 4320 736 8419 9451 2809 4858 9980 6405 9991 4370 5917 6446 1843 1845 5944 1849 3385 2365 9557 343 4441 861 2915 9579 1901 7541 2936 6524 7057 1941 4512 8100 5541 8621 1455 4017 2486 6587 445 7618 3011 4041 1486 7634 467 980 3033 8665 6620 1511 8170 8172 8698 9214
63 2048 4105 2571 7182 5649 6678 1047 2584 4123 8222 1057 2595 1589 5175 56 3130 7234 8265 7755 3660 2640 3165 3678 6258 8320 3212 1680 145 1171 3223 3736 6819 2723 8877 9399 7355 7357 6341 4814 2766 3793 8401 727 6371 9446 6378 5356 4845 2287 752 5362 7413 3317 2807 1279 4353 5899 3854 8463 9490 1302 5403 284 2848 6436 5416 1837 3375 3380 309 1335 2359 5944 3905 6978 9027 9540 9541 2372 3908 4424 840 9544 9035 9554 4440 7515 7013 4972 8045 7026 3972 7564 400 3474 2966 9637 2471 4533 6074 8644 3013 3528 5065 1481 3019 7118 3535 2514 985 5082 5599 485
64 6662 4109 3610 2079 1577 2608 4659 5685 59 1607 5202 1111 1624 3678 4703 6239 1637 3176 5738 2163 6776 2691 2184 4744 650 5792 7334 2218 9387 7347 9909 6842 8378 5317 6854 5319 5328 5843 7892 9431 5847 9953 4327 6900 6403 5899 4368 6929 3348 4378 7979 7480 6461 4926 8512 333 1869 5965 9041 9554 6999 4962 356 1385 1390 6518 4985 890 9083 7039 1414 904 9610 2957 3471 3473 3990 8603 9627 5021 934 6569 944 3525 3015 463 464 467 471 2016 4580 4581 6119 9705 493 6639 2556 4094
65 6144 7691 8206 5138 1554 3604 8214 2080 3112 6706 3634 8765 2622 8255 6208 5698 1608 3683 9832 7799 5242 6266 6783 645 2183 3720 1672 7303 6811 1697 5283 2731 8375 6329 4799 5312 3777 1219 5336 8920 6875 2790 745 7442 798 3364 6441 3900 8510 1869 6477 6478 2913 2914 4451 6501 6516 1909 7542 382 7569 2453 9621 2968 934 3496 4522 1453 946 6067 7095 7620 7110 9677 7121 4563 5591 5083 6622 1503 5603 9190 7655 1510 5610 8686 2544 2553 3580
66 4611 3601 9233 8212 2595 9766 4141 1582 9263 53 7746 66 3141 7261 2653 1630 9824 5214 5222 8806 5738 2156 3700 3192 3202 3209 9361 9880 8345 9371 7334 4269 9902 8883 3251 192 7872 2754 3277 2255 1746 1757 1261 4846 4338 7417 7422 6912 9997 787 2327 3352 6937 4891 9502 8488 6455 2874 1338 9028 9033 4427 331 3404 6989 5967 6476 333 1362 875 8562 5493 1398 7543 4473 9594 9597 6016 910 7058 3986 5522 7593 425 6059 9646 1983 3008 1487 1489 5077 2008 7645 4577 7139 6116 6120 7146 1002 8687 3056 2033 9715 9725
67 5133 5646 5139 1054 3615 2083 2089 7769 8814 2160 1137 2678 2682 2174 2175 2176 4739 1669 9871 8852 7833 2720 1187 6310 7338 4785 5814 8889 9402 5828 714 9936 4817 215 2775 3289 3295 8937 9458 8436 762 8968 6416 3348 2837 8474 9498 6428 3358 6435 8996 8997 4911 9520 5438 7998 7489 5447 8525 9038 1883 3932 3936 7008 2914 9568 8036 5984 9064 4968 7531 7023 9588 2937 1922 3462 1927 394 7562 7057 6551 2457 3483 1949 3496 7595 4546 7114 4050 979 1495 2523 4572 9187 6639 4079
68 9216 3078 7691 2063 2068 3605 5656 8732 7204 1573 9252 5678 4658 8247 7736 1598 7749 7767 4188 1121 5219 1142 9341 7807 5761 6789 9360 9876 8853 1695 672 5281 6823 6319 7856 7363 8395 7373 5328 6355 9428 9947 1248 8419 3823 771 1286 9482 9998 794 4389 297 1839 4914 3380 9018 5438 6467 4936 2377 2893 4949 1369 6491 5982 1383 5480 3468 6039 921 1946 3997 6557 1454 2479 8632 3003 8124 9157 8134 5063 6601 5065 7122 7635 4565 9687 5598 7136 1004 9708 2556
69 2564 4627 9751 5656 1576 8238 6703 3118 3127 9789 6206 1103 591 598 9305 5722 7769 8292 1636 3685 9846 2698 8333 141 7318 8859 8868 2725 4774 1700 170 6318 7342 6328 4281 4800 7361 7876 5318 715 2254 1752 9434 5339 5858 8937 1261 4336 1264 5878 3838 5887 5890 1800 3344 6429 5926 7981 823 825 1862 1872 1364 9051 5474 3429 5487 2929 8056 1406 6016 4483 1413 5006 2961 5023 8097 5554 8136 984 3544 5595 2015 5605 4075 7147 496 5106 5623 5624 3580
70 9219 7685 7176 3081 1546 5138 531 534 7204 5168 9265 2609 4144 1596 5193 9803 7756 3661 9292 594 7762 6226 4697 8797 6249 4204 8305 8817 9844 6773 121 8324 1668 7812 7305 2187 5773 4758 8354 6309 179 6330 6857 3281 7890 1238 4314 7392 4832 7407 752 8440 6407 2313 4874 4371 9491 1301 794 8995 6952 3372 6969 4416 8517 4938 330 9558 2906 1894 359 2411 2928 3442 8568 4473 6523 2431 8065 1922 899 1924 4485 5518 3988 1428 4503 3481 2969 1446 7591 8104 6069 9141 9654 2494 1985 7619 8146 1498 5088 8672 4070 9702 4604 4606
71 9216 7 4105 8719 7702 8222 5675 4147 54 1084 1598 9806 1616 3674 3162 4191 8294 5223 3181 9841 2681 6779 5245 4224 8834 4235 1175 7835 7324 6302 5281 169 8363 5804 2739 2230 8375 9913 3770 6334 1216 6851 6855 1735 4810 7885 3281 1235 4828 8929 4331 6384 7926 4863 9481 7953 2837 3356 1825 301 1326 3382 1847 7996 7997 2369 7495 6472 1873 4437 4444 1384 5481 7531 6517 6010 5499 8582 903 8073 6026 3470 2961 2453 6552 5035 9650 9140 4029 6081 1476 5062 8135 4039 968 974 977 3031 1500 3550 9195 2029 3569 2549 9205 8187 3068
72 1026 5763 1924 3845 3844 2183 4744 2825 8 5387 5125 3855 4368 7311 5268 8212 4758 4685 5272 6553 2452 4765 6814 3231 6180 1700 6139 8106 2986 7596 1965 3118 1197 6706 3763 8243 8511 1471 9793 833 8639 8645 582 3783 5447 4041 4425 6654 5703 8264 9422 8015 5583 4686 5840 6611 5835 2893 8790 9940 6360 4185 4315 4828 2653 991 4070 3430 5095 2281 8044 6636 4083 8054 2806 2166 8441 9978 4603 3580 254
73 3587 6665 9226 11 4624 8209 2076 5150 7199 1063 4648 6184 2606 2607 3631 8753 8755 9796 8778 5708 9820 7773 7265 5733 102 7783 105 4720 3185 113 1651 9335 3710 8322 1667 7301 647 3228 8882 5812 9921 5826 3782 5322 6355 9943 3804 5345 3812 5864 6890 4856 1790 1280 7430 2315 783 2832 4369 4396 6958 9010 312 830 9029 8006 4936 7499 2383 8021 7512 1378 9575 4455 4967 6507 6521 7549 4994 7048 1936 7057 8596 5531 926 436 4532 451 1996 9166 6095 1504 3045 5608 5096 493 4592 2032 503
74 1541 9735 4109 1556 3094 1053 7205 6186 3120 4657 2614 6200 7737 8770 4165 9292 593 6747 1119 3683 2661 3687 5738 6763 5226 627 119 2685 2688 642 8325 1670 6278 5771 4756 2204 5278 6816 6822 5293 5295 7856 5809 5820 4797 5313 4296 5833 2256 5342 1769 745 7401 3827 2299 6398 7945 3854 5393 5906 4371 4369 4374 2842 2850 3367 1836 1326 6968 3898 2367 3908 9545 9557 8535 2913 4459 8048 8050 6003 6535 8071 3475 9628 6045 7591 5546 3499 1459 5561 6586 8126 5567 1476 5067 3028 2012 6109 7653 5608 8690 4088 1017
75 6656 8711 9225 4107 9238 2074 9243 7721 9770 9777 4658 4664 4672 6208 6210 1102 8784 6239 7273 4093 2161 9866 9875 2199 1178 3739 5276 672 4257 6818 3243 4267 1709 696 8379 1748 214 3813 1259 4333 242 8947 4342 5368 765 7430 4370 6419 5399 7965 6430 6433 4898 802 6949 4907 5420 3374 4407 5952 4421 7507 4436 1881 7003 9579 6517 1398 374 8061 382 3970 4494 408 9628 1951 7584 5536 9645 2478 9133 2997 1468 6593 3017 8137 1481 3028 8151 3544 5597 7140 1509 5605 5610 4080 1533
76 6664 6669 8207 8721 2583 25 3612 8221 4126 9249 2089 8245 8769 8263 73 6733 4174 8301 4717 9840 5233 7285 3706 5245 4739 8838 1672 1673 6795 5772 8851 4246 6807 7831 4763 7325 4788 8891 4800 4289 1728 3791 2260 3799 9944 9963 236 2285 4844 9458 755 5875 7416 1785 5882 4351 6403 266 6927 9497 7966 8992 2849 5951 842 9549 7005 7007 3942 364 6520 9080 7058 1940 3989 3990 6040 922 927 4520 3505 5556 9141 5558 7096 5560 1979 5056 448 9669 6089 1481 6618 3552 6625 5090 3558 1518 1520 7156 9207 2556 9727
77 3589 8709 9224 1032 5648 6674 9753 7206 5672 1579 1079 1080 6202 9274 63 7744 5187 5720 4702 1119 8801 8300 110 4721 5751 3703 1148 7811 1670 3207 9866 2187 3722 2189 9360 2708 6806 7844 3748 8868 680 6829 5805 9392 7863 6328 702 5827 8395 7897 7388 4321 9960 6382 8955 6909 9470 9988 3336 4360 5905 283 7455 9507 5412 2346 5419 3892 4408 6980 5445 2380 2903 1384 5487 9072 2427 8072 5000 8588 399 5010 408 7584 4515 6564 5540 4007 7593 5047 8635 7615 9665 8140 3538 1499 6117 5094 9716 8693 3578 9727
78 7684 9738 2574 3603 22 3607 9241 31 9251 9765 8743 9773 2101 6711 8766 7238 2136 604 94 1119 6241 7274 8299 7791 632 8321 7302 5261 7321 3742 676 1191 4271 186 4283 7360 4294 8904 9416 7890 727 9436 3809 4335 240 4343 761 9483 2828 6414 786 2323 9215 797 6433 8488 297 1838 3895 3386 834 2883 7500 5476 2918 9062 9064 5996 8045 7026 7538 4978 2433 9602 3975 6032 6548 6046 7070 9634 7078 2983 7081 5548 2989 2480 946 8115 5048 8139 6097 985 5596 4584 505 8190 8703
79 5635 10 1550 8217 1061 9256 2091 4653 9269 5182 2110 63 577 70 4685 80 598 9817 3680 8293 4709 7781 5222 2153 8299 6763 1131 6778 9851 3709 2686 5249 5255 8336 9873 3218 7318 3739 672 2734 2740 7370 4818 9428 2268 3806 1247 5860 9449 5867 4338 245 2298 7420 4862 5888 4867 6408 9994 3850 6419 2324 5909 4893 4382 7969 7972 8485 7973 4389 2861 822 9529 2373 2377 8024 9591 9595 902 3470 8593 8086 7582 7073 3489 943 8631 9154 4041 1999 5583 8150 6104 5600 4579 7144 6126 9211 8703
80 5637 9744 7699 4642 6690 7716 546 5170 58 3133 6721 2122 9293 5197 4688 593 3673 2661 9839 3705 7302 1671 8339 1691 7325 4256 5799 8361 170 5295 4279 7866 188 6345 3786 3787 8911 8912 2771 1243 9436 226 3812 9449 8438 8955 3839 257 2819 5389 9485 8979 6433 2851 294 7465 4907 309 6455 4922 4411 316 1341 9534 8508 7489 834 6467 1861 849 5976 5978 3932 9057 9572 3435 9596 8098 933 9126 7080 5546 7595 4019 949 4539 5057 967 6600 7630 7631 7119 2511 1492 6105 7130 988 2528 9193 5100
81 3073 5121 5125 9734 9735 1551 5647 6672 9235 9755 8221 2597 6188 9774 5167 9264 3125 6198 1603 2627 5709 3150 4186 1630 612 7269 1638 8301 5241 9346 7812 6280 7317 7324 1185 6314 6831 5295 1717 3766 2741 8383 2763 7887 3283 2772 7897 4334 5872 5874 5364 7425 9986 5379 7453 2845 5407 4893 7468 4911 9008 2365 5447 2894 4435 852 7508 1884 2917 1896 7529 2925 5487 881 2436 6537 9610 1933 5518 921 6556 8099 9636 932 426 439 5559 4032 963 2500 9670 4552 7625 3017 5590 3544 6107 480
82 5632 513 8713 2586 2074 4136 7209 5162 3112 2092 4649 1082 6210 2119 2123 2125 2648 91 2140 5741 2671 9330 6771 2165 3189 9336 8835 648 9879 3226 8353 2214 6834 8887 8376 3258 3777 4810 5323 6655 8399 4820 4829 8416 2274 7405 9966 7923 1275 5883 9982 1795 9487 3353 8985 4894 3873 6955 300 2351 4399 5943 5956 5449 4444 2912 1892 9572 876 8051 2936 1917 402 3475 7574 1433 8089 924 6065 435 1461 8632 3007 1984 7112 1996 6620 8156 9182 7135 9189 8677 2539 8684 4084 2044 7679
83 8192 6150 4107 8721 9240 4131 5161 9259 4143 3640 3649 2125 7758 2639 79 2640 3155 5719 9816 9815 3676 4188 5735 5227 3692 6766 3190 9848 8326 2702 2704 5781 8345 1694 7842 8885 9914 7866 8895 720 6359 3290 4836 8936 5867 239 6389 7415 4351 5375 7423 6408 5391 271 3350 4384 2861 7993 4931 7497 334 8017 338 1875 3924 1365 1878 4952 7516 4958 7519 866 7524 9069 6015 3977 393 3983 6550 921 5017 8607 9120 3487 8108 7087 9139 5581 3548 4073 8696 5118
84 513 6658 5639 8722 3093 5653 31 3114 5679 2120 4690 1618 2131 9303 7256 7768 2144 5735 5739 9333 630 4215 4733 3199 131 2194 3732 1692 8354 1189 5802 174 4271 6328 5304 6333 4803 3279 3802 6376 1778 5384 4874 4362 3856 6932 4374 8474 1819 9503 1314 5412 2853 4411 5436 322 4940 7506 9561 4953 870 5991 4459 6512 3952 6012 9086 5506 2953 1422 9616 8086 921 4513 5027 2982 5551 7088 6583 4542 5568 4545 1491 9686 9180 994 7661 6125 6638 9719 9215
85 6663 9738 538 544 4143 2554 6199 5176 1088 5697 66 5702 77 78 4693 9304 5735 6762 1134 7285 640 7305 3209 651 9365 151 5273 3739 2729 8372 6836 3255 9914 7872 2242 2757 1222 4806 5319 1738 5327 9424 2260 1241 9947 9953 4840 6397 2819 8964 9477 264 8462 7959 1816 6938 2334 6438 2346 6970 9530 5949 7515 351 2400 9057 3440 1397 894 899 6027 8594 2962 4502 408 8601 7071 3999 5538 1457 4018 5045 8122 8123 4545 1488 4051 1495 2010 9180 3550 6635 9714 6133 1018 6141
86 8707 4100 7686 3078 5654 25 1566 2082 7209 9777 8241 7749 4677 9800 7254 1114 7773 9822 2665 6767 6260 9845 9846 9341 2176 4747 1167 9361 1178 156 4256 3238 7849 9903 5297 710 9931 7372 2763 719 2259 8915 5864 4331 1260 9452 9971 251 6913 6409 3858 792 5914 1311 800 9505 809 6955 1334 9026 836 7495 4425 2889 7503 8530 6996 1366 2904 9564 4963 9576 9064 7021 7031 6519 2434 1411 4483 5507 6024 6032 1427 3477 5028 7591 936 4009 9660 8643 966 465 6097 8677 5101 1518 2543 2039
87 9216 2055 6666 6676 6166 4119 5147 8740 5672 558 3119 6197 9273 7738 3648 578 9795 2630 2119 3150 9807 9810 2133 7257 2143 6250 4204 5229 115 8830 4232 1679 2713 9386 1197 5812 6839 7868 3773 5312 3283 9941 3290 6368 6882 3812 5351 6891 9453 8947 755 7931 5373 2814 9981 1795 5898 7437 1297 790 6945 6962 307 8512 7493 5449 6986 5970 856 8540 3936 868 9062 5483 7547 3452 1918 2431 1921 8068 3977 7567 918 412 4524 6575 8623 2483 1460 3515 6592 4035 9670 459 8651 4045 7628 6614 982 987 1020 5631
88 9730 9731 5636 8711 6673 1045 5654 4631 535 27 2079 9763 7726 7216 1076 7733 1598 4672 2635 4172 3665 1107 9813 1629 9313 7266 9832 2667 2674 1139 5235 2168 2172 125 668 158 2208 2724 3757 8879 4786 1717 187 2246 4297 4322 3814 3815 7911 2797 6896 7930 2299 8956 4348 3325 6404 1796 7944 2831 8471 280 286 6447 5936 7984 4401 1331 1842 1334 826 3900 8000 321 6470 8020 2920 5483 2411 1389 8559 9075 4982 8057 7550 3972 395 5005 1938 2968 3993 8089 3494 1450 6570 432 4538 5570 4034 970 4560 6612 3542 6616 8666 4578 486 2025 9710 5116
89 5639 3596 7699 2583 3609 6691 9766 5163 3641 6202 1618 3670 1116 9821 8285 6238 1122 1123 7780 8292 5731 4713 1133 5745 4213 8823 9853 5760 4229 4743 6796 4766 2210 2730 4781 6322 6839 7866 1211 8380 8894 7877 5328 7889 4828 5853 6368 9954 7906 9448 8433 6902 1786 7933 4350 3352 1816 5408 805 3885 2864 7477 4412 8511 4932 7507 7001 864 2403 7021 3954 7031 2936 1401 1399 6528 3973 3478 8603 5537 1443 1965 6061 5039 3502 4530 2996 6584 444 2510 1489 7124 1502 4581 6120 5611 3569 1525 4094
90 7168 1537 514 3585 3078 8200 8206 8729 548 8744 6697 4664 7225 1090 67 5700 5711 7760 2639 8790 5209 9820 3171 1134 8306 2166 632 6268 132 8330 4751 7313 1172 1687 7849 3247 4802 5317 3274 5836 4308 9435 9441 2279 3310 9967 2294 5887 1792 7955 1305 7962 5410 6446 815 308 8501 322 5455 2901 5461 857 7516 8031 7522 9059 1382 8551 7531 2414 2931 5491 7550 7554 9097 1418 3467 8077 5009 5529 410 7072 6048 433 4039 2532 488 7144 2545 9720 1530 5116
91 2560 5121 7172 9 6154 9229 8208 4640 2592 1570 9261 6190 51 2100 5177 1598 3147 7244 1618 6739 87 6743 4184 4195 5223 4713 3704 9341 6275 5765 3718 8838 648 1163 8843 3726 657 9877 156 6320 2227 2236 189 6338 207 1232 3794 3795 3798 7896 5860 7917 753 1275 3843 2309 9483 3852 5389 3862 7963 2850 4390 2857 9727 307 822 324 5458 4952 9562 2915 7012 1383 7020 8558 6003 6519 6008 2435 2437 9613 7570 2455 419 9635 8099 7078 5543 4010 2476 5038 437 3002 3008 4033 7623 1991 6092 8667 6108 1507 5092 4581 7678 4095
92 6149 2567 7695 6683 8731 3099 5153 4137 7726 9781 9785 1081 4674 1095 6215 9289 3661 4689 6737 6230 3166 2142 3171 9323 6254 6255 4720 3185 7792 6772 6260 8820 8312 1658 9344 8325 8330 8850 5268 6806 3738 2720 4264 692 5304 697 3771 4286 8386 221 9950 3298 3302 231 1774 2800 7920 6898 1267 3840 4867 5379 1288 4882 1816 8986 2345 9514 2857 1859 5970 1363 9560 859 8547 3432 1389 6510 7541 2422 886 887 4476 4480 1410 6018 900 908 5016 926 8609 2475 429 6064 4019 9140 8645 460 8659 3028 9686 8663 7646 8670 6112 6631 6119 7157 1527
93 3590 6152 1549 16 6673 1043 2071 4633 8734 5151 5158 2087 5170 8254 1602 4166 5194 588 3148 5201 1115 4703 7270 9325 6768 2672 6258 9336 5753 5244 636 7293 4745 3222 4766 2211 5292 2220 4809 2762 2258 3794 4310 6366 2783 8419 9454 4338 2808 7931 258 5902 1297 787 4371 1819 4390 1323 2873 838 8524 2395 5470 2399 9066 9073 9598 6024 7560 1953 8611 9127 5045 950 3009 4548 973 6605 6094 5073 4052 470 4567 4571 5101 7152 1532 1021 2047
94 4611 4100 2565 8710 9236 7199 8227 9256 8240 7222 1079 67 9294 2645 7257 7771 3580 3681 3175 4204 4211 9871 3244 5819 3259 4801 1731 4294 7369 6356 1239 3802 7910 6888 6378 7923 1781 5878 5371 9475 6915 6919 8462 7952 2838 2330 4890 1311 1828 1316 7471 3889 3378 1332 1852 336 3415 8024 9561 856 345 3934 5986 3434 4461 3442 4468 9079 887 9594 2430 3460 5004 5522 7059 5527 8090 2990 8115 5057 7621 9672 4555 2513 3545 2524 5604 5606 8171 3058 503 9721 3068 4093 3071
95 6144 3073 5122 8724 5145 539 5659 5153 5666 2084 9765 3111 50 1079 7740 1085 2117 1097 3154 5206 4183 3675 9307 4197 9832 1642 6765 2163 2166 3210 7834 8862 8863 7333 1193 6833 3768 697 9402 6341 2786 9964 4845 3309 5356 8189 3841 2320 8480 815 6961 3893 6966 1852 1343 322 8008 1353 1864 8019 8021 2902 4440 5981 5984 9569 1897 4973 6000 2929 3442 374 2434 5509 4494 2964 423 2995 7093 9148 8638 6597 455 8656 2006 985 8156 2019 4074 5620 8181 6653
96 2051 1541 1551 7184 8210 9239 4632 7191 4121 9760 5153 3107 3620 549 8751 4144 1584 559 6200 5692 577 584 8264 8785 4180 4693 4186 102 4202 122 9339 9353 9870 3729 2201 1178 2213 8870 4266 3243 5298 6338 709 3782 710 6865 7890 6867 8414 7395 9445 2291 1781 7927 4346 7938 7431 6930 7447 2841 289 3874 2851 9010 8499 4919 2875 3399 9547 2401 3425 4454 9079 1921 5525 2969 6553 9630 8112 4017 7089 8115 4534 950 9158 3530 9679 1489 6616 4060 6113 8675 493 8176 508 5631
97 6149 6663 3079 6156 3086 8721 3604 6174 4646 1579 1582 6703 2101 59 5692 4673 70 8266 1626 5210 90 7261 1632 3174 9319 1640 4723 6773 5770 2699 3223 666 3227 9883 669 4260 2725 8368 1204 7863 697 6329 1725 6852 3784 4825 219 8414 3302 7407 5365 248 7417 6908 4863 6929 8978 3357 8993 2849 6442 300 8502 9534 8004 5445 9036 1871 5456 848 9571 2916 869 4460 3956 8068 7047 8073 9620 9625 3494 8616 939 5048 9662 7112 5066 986 8669 7648 2032 7669 8181
98 7685 2054 8714 4620 3598 4634 545 4133 553 7726 57 5690 8250 8253 9792 5185 6724 5195 8270 5202 6229 3160 612 7784 622 2675 1653 1144 6268 7302 5767 136 8331 7822 7314 3731 9887 3743 5285 4778 4267 5298 3763 6362 9947 7388 2779 3294 3812 3306 8446 769 5891 6406 9991 7944 294 6441 9514 302 827 3391 6464 3908 3396 5964 845 6990 8527 3407 9049 859 7005 7521 4963 4455 5481 8560 9604 8078 2962 403 5525 1430 2459 8103 6056 937 9131 2480 955 9660 7101 1993 4048 6101 6636 3570 3573
99 6147 2052 5125 8 7178 1046 8216 9250 5671 2090 4652 5166 2613 9782 566 1079 3640 3644 6214 3660 8785 7761 3169 6242 4709 8806 4715 2670 7791 4722 5748 7285 6265 6266 4224 5257 9360 3733 2713 9882 6311 680 5807 4274 4280 9400 8895 2767 8400 2774 2262 9944 6872 4827 1759 9440 8930 2789 8947 9972 5881 763 5372 4865 8963 2821 781 7439 8466 6937 3868 9001 7999 9026 335 9042 342 5979 863 4961 9576 7530 379 6014 1921 2448 6544 9618 5009 7061 6557 6049 8099 6060 7597 2478 3501 8624 436 6583 2488 9146 8129 5062 7626 973 3025 3540 5589 3036 5095 7161 4604 5117
