100
0 6657 9219 4617 1034 3099 3100 7199 8740 8234 7738 6723 6214 9799 3144 2559 594 5206 4696 604 7263 5729 7267 9318 8295 1648 2681 125 7294 8319 3718 6282 3729 6296 7327 6304 4773 3241 1196 5300 8893 5828 5321 4302 7887 4307 2777 7900 5856 3299 6884 6888 8425 3307 1771 8942 6388 9978 6412 3857 6933 5398 799 8480 4383 9514 9015 2375 9032 840 8010 2890 8526 5968 3923 4952 1882 878 3441 2930 4979 2939 2429 7552 6019 9104 1941 2966 4516 2469 2477 5039 9139 3010 9685 2518 4066 9191 7665 4600 511
1 8710 4105 4111 9744 5141 5143 1048 5145 7707 7201 1062 2602 1072 4150 9276 2113 9284 3153 7255 601 3682 7779 3170 6250 9324 4205 4719 624 629 8839 3724 141 4756 7837 7839 7840 4781 1198 6327 9912 8896 5825 4291 7364 2756 3785 5329 212 6868 4311 8928 2785 2273 1250 3842 9474 7426 2319 4882 811 7987 5944 1850 314 5957 6986 8018 8021 5479 9074 7546 1914 378 7551 7044 9103 7568 3475 4501 2457 1436 7071 9124 2472 5036 943 947 951 8124 8639 2496 9156 9670 9674 6605 3534 8660 2517 2520 2524 5099 4594 8179 5113 3579
2 2048 4615 9742 9745 1067 7211 6191 5680 6194 9271 3128 580 4165 585 76 4176 7762 2135 6744 6748 5725 1649 6261 8826 4731 2173 1662 1151 8839 9864 4759 3741 4253 3747 1701 8357 2732 5813 4281 7868 8897 2761 3281 4306 5845 5846 4318 7395 1259 5868 3312 3313 7925 1782 1271 7934 3330 9474 4878 1818 3369 3376 9532 6985 1356 3411 2901 9049 2906 4450 3443 371 2422 4477 6528 1932 1427 5034 6572 8620 2992 9144 957 4544 4040 7126 3032 987 993 4585 8173 8178 6646 1527 1014 7163 4092
3 1536 5123 1542 3594 6668 17 4115 4632 3613 9761 3626 43 9274 9277 2644 606 5215 8801 9327 1146 5755 4733 3198 3203 643 9349 7814 9353 5260 663 9371 9884 2718 9379 3757 4782 173 7343 2225 9394 2742 7354 187 1724 5826 1218 8905 3282 7383 8409 4321 9443 5864 6898 755 8953 5373 6410 2828 5902 272 3863 2847 1830 3883 6958 819 3894 7999 5452 7504 3925 4954 1375 2912 5473 2402 1897 9585 6022 8585 6026 911 2963 9622 9118 3000 7610 7100 1994 3539 985 5602 7650 8165 998 6629 4583 492 4078 9713 1523 7677
4 7177 7697 6164 4125 2083 5158 8233 5163 8747 1069 559 6708 53 2618 7739 7245 3161 9310 7775 6244 3177 6777 6273 5254 9357 9878 9372 9893 1702 3755 9900 3245 9388 2734 1712 2229 7354 5309 5829 6342 4295 2250 8926 4326 4338 2811 8448 1284 263 8457 1804 5906 7956 3865 9516 2356 6967 7994 1339 5441 2886 3922 2394 3946 1902 2938 4992 6538 398 1936 7573 918 7078 4521 7082 1966 1459 6068 6074 4030 8130 7108 3016 8650 4565 4054 992 9186 995 8169 9708 3564 3066
5 525 1039 8722 3610 8228 5670 8746 1586 3638 2105 4154 6204 7741 4157 5696 8784 7765 604 7262 1642 9837 3694 7791 6782 3199 1169 3734 8859 7842 9382 3240 7848 3752 9406 4799 9919 9923 6347 8908 3790 3792 5841 8402 9429 6872 9437 8929 9960 5354 751 9455 7412 8954 7932 7425 2307 9479 4373 7965 800 2338 804 1829 2856 9520 7478 3383 9016 6454 7490 835 6998 7511 6499 868 867 1893 364 2412 3971 3972 5002 912 5539 932 5542 2996 6596 7120 6099 2536 9706 497 4594 1010
6 4119 3095 33 6691 42 562 566 3139 1613 1620 9824 5216 7778 6247 5739 623 5236 3700 8317 6784 9857 649 4754 659 4258 7842 682 7857 4273 8369 8374 2745 4282 2234 9918 3272 1224 3794 6354 8917 730 3803 6367 6882 3811 9454 9968 243 4342 9466 1287 8460 3354 3869 288 5921 9024 7491 841 6991 1369 7514 348 6503 4976 4981 5500 1405 381 7041 7046 401 9113 7585 6564 4517 4010 2987 9642 7599 4530 6071 9662 2503 6606 6613 4565 4570 8668 3042 8691 8183 8702
7 7174 1035 2579 2585 5665 3109 4134 2615 1081 7233 8262 72 4683 9312 8305 5746 6292 8341 4252 9374 4783 2224 2737 694 2245 4810 7882 9419 4302 5843 726 6876 3805 4323 4324 8933 6886 7909 5352 2282 3318 763 3848 8973 6418 2839 4376 5911 290 4899 804 4900 1318 1845 1848 4412 5950 5440 3907 1862 3922 9057 4966 3943 4970 4458 3436 6510 8571 1921 2438 3974 1942 2466 8108 7602 2484 5557 7094 3510 5054 6603 9680 7127 3544 7128 7131 2014 8671 4579 6122 4596 5109 5108 3061 3581 9727
8 5122 5 4104 13 2573 2586 8220 9261 5176 574 2111 576 3657 8780 9294 9809 6227 3156 1110 1627 8800 6764 2680 8313 7816 651 3214 657 1171 8853 1188 2727 8876 6318 2741 6326 9918 191 4292 1221 5830 5325 5334 9467 5887 3327 7424 4361 3852 5901 2318 1292 2321 7446 6940 285 5918 2857 4906 9003 4397 7471 5935 7990 318 9023 3390 351 2405 2419 9086 9089 2950 1928 4489 4497 2450 8595 7069 8101 8613 6065 1458 6592 1476 1484 6092 3532 7121 7639 3547 478 7138 4582 510
9 3094 9752 1566 5663 6687 7710 8739 9253 8232 9259 562 2611 3638 1098 2646 1623 609 612 9835 4210 8321 9859 3722 9869 6287 3728 8336 8850 1173 4245 1179 2207 4256 5794 3749 7851 7852 7350 703 1222 3788 7886 6863 4819 1240 2776 5338 8423 744 6382 6390 9976 3321 6392 4873 6922 5900 7440 6929 3858 4883 275 6425 2844 4897 6952 2858 7471 5439 9025 8014 7525 871 5482 365 9075 7027 4470 1399 8055 3451 902 9100 7053 8078 910 9102 9107 9623 6040 2973 416 3490 1957 4535 4562 5076 5087 9699 9706 3050 496
10 2567 9741 2066 5139 3101 4641 3621 9257 8754 4146 3637 3642 575 5188 2632 6732 6230 8793 2140 5733 8809 4715 6768 5750 2679 1656 8314 637 1152 6797 148 6809 673 5796 6822 7338 4781 5811 5819 3773 5821 7879 4297 7885 9933 213 216 1754 8422 3817 3306 8427 2796 7409 9970 2806 7937 9485 3860 9493 6935 3359 8483 294 2348 814 309 9019 3395 8518 2900 4950 3416 5467 6494 7006 1376 357 1381 5990 9066 8046 1908 4475 7560 2958 9106 2456 3488 2977 4513 9638 7608 5566 451 1989 1996 976 9686 4064 489 3051 9717 8188 3583
11 6144 2562 4101 3595 7180 8715 4112 6674 2071 6680 7195 9246 4648 9769 4656 8757 4159 7236 5198 9295 85 3674 5726 1633 5219 1125 2663 8818 6771 9331 6778 3197 7818 2193 6803 3223 3737 4251 7838 2215 7853 8886 4278 5305 3269 1747 754 9973 6391 6906 776 6922 3363 7975 4908 7982 6449 5940 3400 9037 9551 4943 339 8020 6996 346 8028 3421 7518 8033 2401 9573 2405 7537 7032 8056 8570 1408 2446 9103 3483 6047 5038 4527 8113 8122 9658 3523 5061 1479 2002 4563 2516 4565 6106 3039 5609 1002 6126 3055 7664 499 2551 3064 2045 9214
12 4609 4624 7699 9749 2075 6685 2616 6202 8259 2129 7767 6754 4206 112 2676 8310 3200 1668 2181 134 8326 7307 6796 9874 2706 5786 8865 1191 3762 3251 1202 3254 5815 7866 3273 7890 1750 6361 5337 9948 4837 8934 3824 8434 7928 1275 6403 8969 270 1808 8469 6422 1304 7961 6951 2347 300 4927 9548 2892 8021 1368 9568 1379 8037 8041 2934 7549 8579 3465 8079 5012 922 2460 9117 2464 1442 2986 6072 7099 958 3018 1483 4560 7123 5601 996 9193 4586 5101 5106 9715 8190
13 4099 7186 3608 2591 6692 8742 5673 3118 50 5172 7732 566 8247 5689 4670 1600 4677 69 5190 9806 9815 5208 5210 3167 7295 7303 5256 3209 9868 5262 9364 5782 4774 5289 5812 1207 3777 1730 706 7370 2252 204 8404 6874 5341 9442 1768 6377 5355 4844 9965 2800 5872 7941 1797 9482 3338 3341 6416 6419 1821 8483 3875 2854 2343 9000 8501 7990 5430 3393 8009 6996 2390 5470 2911 9574 7016 9580 877 4972 5997 4465 8053 6520 8069 7558 4487 5005 6040 4507 8615 1449 7086 1968 9137 6577 3511 5566 7617 3021 4573 8176 5624 3065 6650 5630 7167
14 2052 1031 4113 4118 6168 2092 5177 5181 4671 9815 6745 5219 1124 6252 2161 8308 7285 7287 1658 7292 641 2690 7817 9354 9867 2700 8849 1170 9882 6311 7335 4801 1223 1227 6353 2269 9962 3828 3316 8443 777 5396 7968 7463 2855 3881 4910 1331 1844 7989 5433 6976 4930 9546 5962 7501 846 1880 3930 5468 4964 2922 2933 3446 3461 9094 2952 3468 1934 1425 9617 4499 6041 4506 7068 9628 8607 7075 6565 6567 6571 3014 455 8148 4580 7147 2550 7671 2552 511
15 533 9248 2084 2085 8230 6696 7720 1075 9277 4162 5698 1094 3150 1621 5207 5722 7259 98 4708 6756 9850 6779 9862 3211 8339 5267 5789 3232 6311 5289 2222 177 3761 695 9916 2249 9422 5840 7384 3290 5854 1249 8420 6375 2795 4848 241 3315 5367 2302 7944 3342 9500 7454 6435 3373 6960 6965 8502 3386 9531 2364 1346 8521 9034 1358 6479 4944 7506 9556 4960 366 6003 3457 6540 7056 6042 8101 2470 5035 7085 2995 3521 6599 5069 3027 7641 5593 475 484 7653 5093 7144 9704 7656 3049 3568 3571 1011 1013 5622
16 6660 9227 3090 37 2602 3115 8752 4667 3134 8767 4679 2648 2650 607 8291 2661 2150 7798 6775 634 2683 2695 9359 8854 2723 1702 3754 1707 7852 3758 2223 3250 6843 4285 2241 6337 6850 2244 715 7884 1742 9425 7894 3798 1242 3813 748 751 6386 9471 7935 1294 3345 5924 1322 7983 8495 2362 8508 1340 1856 4418 3412 2905 4957 2913 4456 5992 7017 7530 9069 1910 6030 402 6039 8600 7577 6555 421 5038 3502 442 7612 6093 2006 5080 4057 3037 5606 4072 8169 1007 2035 6131 3070
17 3586 8707 522 7181 3601 8730 8736 7200 6688 4644 9767 7722 4139 7731 3124 3638 7735 2102 5186 1622 1626 4191 1143 9336 7806 5765 3213 145 4247 6297 2724 2213 1193 4273 3762 4290 2772 729 8411 7389 6879 5347 6887 8938 5871 3838 3847 7432 3339 4882 1811 4896 5937 8500 7483 7488 7489 1866 8014 3921 9042 342 7511 2902 3417 3928 9051 345 9053 7009 7523 4453 2405 8042 3435 9070 2424 888 7552 3456 2948 3460 1927 391 3469 5006 6554 9629 5540 6055 1961 1451 9143 7096 5563 4540 6075 3522 9683 2005 3033 5085 6127 502 5625 9722
18 3073 8202 1549 9233 5146 2588 9244 1057 9252 9775 8753 8245 7228 6205 574 4170 1101 6228 84 2139 8796 1119 2660 5736 1137 7793 7794 4212 9848 9858 1667 9867 8844 6285 4751 9879 673 2217 2731 8366 8878 6321 4791 3767 6848 2246 718 5334 4822 9433 5850 3297 3810 3814 235 3822 2798 1777 4342 246 7417 1278 259 773 9990 6924 5903 5391 7958 8513 9542 1865 329 6986 4436 5475 4963 9063 3439 4463 5495 1403 9603 4996 1923 9098 7570 3475 5016 3484 7588 2480 4542 3012 3026 9184 4069 5097 2542 4591 2035 5620 4085 8698 2043
19 526 3598 3606 2070 5148 9757 8733 9762 46 3120 2100 2622 6219 1105 9812 3157 8285 3691 625 1139 4214 5759 6795 1679 4760 7832 6808 7328 5795 3235 5800 2747 2760 7372 205 7375 8400 7379 3288 8921 7905 9957 8941 5358 759 2824 9480 6411 4886 4887 5402 4384 801 4898 5925 7976 6955 4909 816 5953 4929 6468 4431 5456 2898 6492 1890 2916 8563 9603 3466 9103 6559 4001 418 7586 2985 7083 941 9647 4020 961 2499 2530 5613 8686 5104 4081 1012 3572 509 511
20 1025 4610 7689 8714 14 8219 5149 5150 8223 6179 7209 41 3129 5180 1598 6220 7249 4189 3677 94 612 8809 2666 3188 629 9851 3196 2180 4231 4749 1690 9376 9395 188 701 198 6343 1734 2254 2767 208 7377 4820 2781 9949 7902 7394 230 248 4348 9993 2827 3342 5392 5907 5400 3864 4379 9510 2859 1843 5432 9018 9033 3918 847 4952 1881 3417 2907 8538 8029 9567 4449 6500 4464 4978 6515 9078 8569 5505 388 8580 9606 2953 8075 8592 8126 3523 6088 3036 3053 8175 4079 6132 1525 501
21 8192 5120 8706 5637 2060 3085 4623 5142 6167 5662 3104 2598 6189 1583 8240 5171 564 4660 8248 1598 6725 5192 3658 7755 2637 7250 8789 6743 2653 6249 3181 8302 8306 1659 5767 2184 7306 7315 8859 7332 5291 6832 6835 7355 8385 7365 5830 4810 3276 4313 2273 5859 5354 247 4344 7929 1801 3346 5908 8980 3867 2850 3879 7977 6457 5435 2889 3931 4446 9582 8047 8050 6516 6525 8066 3460 4493 7058 9114 926 2475 5035 4529 2993 6066 2486 3511 6582 7101 5056 8150 8160 3041 9712 7669 3063 6654
22 5633 8714 7693 1042 2582 8217 7712 3125 3127 7243 4694 3159 2136 5733 6245 618 8822 3190 1663 3717 7820 1176 8862 1199 8367 6844 7870 9410 195 8906 1738 7376 722 6867 1753 4317 9953 7399 7914 9963 750 6389 3320 6905 1791 2303 5379 9987 3332 7433 8970 2316 7948 5902 9999 4888 6936 4378 9504 3877 8485 2344 7476 2869 6977 8540 2918 876 2924 9587 6524 4505 8094 5023 5545 9649 7607 441 1469 6080 9153 456 9161 4052 8660 6613 4061 2022 2537 8174 8687 8689 1009 2035
23 7173 9229 5139 5651 4117 5147 28 3103 3108 8236 558 2614 8761 4688 7766 8281 4194 3685 105 9322 8810 1643 3707 8830 7810 2186 5260 7309 8340 1173 2713 2203 4770 9896 3756 685 2238 5310 5315 6349 3281 2769 7904 2799 7413 8439 8450 4354 6918 8976 8978 4885 7972 5415 8490 5424 9521 6451 2870 317 9535 4420 3397 1357 4942 1875 4447 5983 8034 5480 9580 9088 1412 4484 3975 5522 6037 9625 5032 1960 5041 9138 7601 8116 6067 7103 453 3019 4558 4047 7636 6101 4564 7641 2525 6621 1506 4581 7149 9197 9211
24 7687 6155 5133 527 6160 5139 1555 5147 3616 9249 4139 6701 2630 8776 4684 3149 5199 8272 601 4699 6245 9833 4203 8303 1136 8307 5749 3711 1673 7824 4242 4245 674 4263 8873 2219 7344 1713 7873 4806 6858 2774 9434 5861 4339 7924 774 7434 6411 4366 8975 3858 9494 6423 6433 6434 2337 9508 808 5418 3886 3890 5426 829 830 1853 1345 1857 2891 2894 7510 4969 3966 4999 3991 6556 5022 5534 929 6053 4006 5544 2989 2478 6071 9661 6078 5062 8664 8159 3554 3557 487 492 9199 5619 8185 1535
25 5640 5641 3082 1049 9250 556 5683 5173 2555 568 570 8766 4160 4685 597 6231 8794 3163 1118 8799 9312 4706 4710 9831 1128 3689 7789 9326 4208 1140 9342 2174 7808 7811 7813 7819 8855 7327 8868 3237 4268 9403 4797 2752 8388 5326 8401 721 3291 3806 4832 3810 6887 1769 6383 8699 4350 4363 5901 3858 1307 2844 6942 2342 3379 1337 1338 4415 3392 8515 8516 7495 5961 8013 5969 2898 859 3420 8030 4452 6509 3438 7025 8057 6017 6535 7561 2953 8590 5007 2448 3473 6036 4508 424 436 7605 2487 3512 970 971 3024 8149 1502 5608 7148 2541 3058 5111 5627 6141
26 9737 6157 16 529 8211 5681 8764 9285 9800 7241 3146 6225 2652 8290 3684 3689 3178 7787 8306 5235 6261 6780 4226 143 6802 7316 2721 162 4774 172 4781 2736 3259 6333 9917 4288 1226 6862 8914 7385 8412 9440 2786 2277 1253 4332 9458 5885 5376 770 5385 1802 9996 2317 5904 1809 6946 9506 4903 9001 5420 4913 2873 9536 6469 4422 2887 1865 6988 5974 6489 7522 873 3444 2947 9093 1416 7569 5523 9625 1950 7079 938 4013 6579 9655 9657 3516 4547 7624 6100 3542 9686 3548 2527 5089 7655 8679 8688 3059 5621 3069 9726
27 8197 5643 7196 2590 2599 6703 9780 6723 1609 8779 6734 5712 7761 7763 5209 9825 100 8807 5742 3699 118 3195 6786 1667 5780 9380 2240 8387 8389 9414 4296 9930 5333 3798 6369 4847 5361 2289 7931 9468 769 9988 4356 6413 2830 1298 4376 7960 4889 4899 292 1316 5924 805 1832 9513 2363 4923 2878 2367 8001 4418 4424 4435 1876 9052 2400 8558 2937 7545 4986 8572 1406 396 6031 1946 3994 2462 4511 7589 5030 6573 6063 1457 5043 6079 1983 5571 9159 8649 7118 8658 2009 6630 8682 3566 2546 1522
28 9220 5125 9222 1033 9738 9230 9745 6162 9751 7705 3611 4127 5151 2084 9786 4673 5702 9287 6728 8776 7755 6228 3668 1111 3176 7799 7289 3712 8833 9858 1155 8325 1157 9867 3733 7831 9384 3246 8366 4272 7160 197 8391 7367 6350 6360 4319 7396 1765 9450 751 6895 242 5880 5886 258 8962 9989 263 3856 6416 4377 794 2331 6428 2848 8994 310 824 6974 1345 5443 1353 1867 843 8011 9550 5966 1875 8024 8031 5989 2406 3431 8041 1393 7540 3445 7031 2943 5005 4494 2971 5538 6576 9152 8641 5065 458 8651 9169 8147 475 3044 2024 491 8184 8186
29 512 3600 7185 4626 8212 7703 9754 1050 1060 7208 9771 54 9783 3641 3133 9790 3651 6215 4682 2639 3665 4179 9300 6246 2155 5227 1666 4228 8841 8843 3723 2189 7824 3728 8851 661 9368 666 155 8346 9373 1705 1204 712 7376 9953 6889 749 8436 1786 8456 1802 5911 8995 4388 5414 4902 6445 6455 2370 9026 837 8519 7499 4428 1870 1359 859 4445 3422 7520 1386 5995 3437 4977 2439 8586 1930 396 7050 1421 913 2463 1451 8107 2988 944 5559 7098 9155 5061 4044 9171 7125 2013 9697 5089 8167 8683 4076 3563 6129 2034 7155 1015
30 9728 8705 4613 7176 3601 9237 540 8734 2603 2605 9774 576 2112 6731 2124 9298 1116 4599 7781 8300 109 7790 9328 1138 8316 4737 6283 9358 7314 2198 2201 3238 9895 5801 7854 3252 2743 3268 9928 2768 220 6883 742 4340 5876 4853 5369 2818 1802 5387 2329 9503 4384 289 5407 2346 1328 9026 2885 7494 6471 3912 2897 9553 6484 1371 2912 6505 4971 7030 9590 377 5501 6018 5507 6021 6028 2962 3491 2991 5040 8131 2512 9170 9175 2011 3549 4574 8158 4062 2541 6647
31 21 7192 2077 9245 6176 2604 4658 9784 8251 8258 7235 5704 7753 9291 4173 7252 6741 9320 1129 2152 3186 4216 8315 9853 5762 3716 8329 652 8847 8348 2717 9375 9890 6829 176 9398 6841 5313 7361 708 5832 7881 8397 4305 7889 1746 3797 7893 7397 8935 7400 2794 3830 7931 2812 3836 252 4359 6921 7946 5910 5405 5929 1321 813 8503 9539 2373 9541 2375 1355 853 5975 5469 1891 1393 7034 8065 9092 1931 2448 1946 5021 3485 7594 431 2995 3004 1981 956 8135 482 5604 3047 9194 1006 1519 1524 6648 8191
32 4608 2574 6672 4114 3605 8727 2587 8229 551 1579 4657 7218 6718 4681 74 2122 604 3166 2655 9311 627 9337 6266 5756 7809 3220 1685 9370 161 9890 5284 9381 1194 2738 1202 3257 9404 8381 4293 4299 1756 8421 4328 6379 5356 5360 7413 4341 9461 3833 4347 8451 1806 7450 1308 6942 6440 6443 7468 7980 2860 306 2354 818 2879 840 850 2386 4958 4964 3433 6513 8049 9589 6533 390 2447 1938 2454 2461 8617 9659 964 969 9174 6618 2016 8673 5090 1505 2020 1512 5609 6633 7661 3568
33 5128 7694 1552 6178 6697 2093 3630 3632 1585 7218 7223 4155 4168 7242 588 1614 2639 5713 2130 2139 6237 2659 9830 1127 7786 5742 7280 9341 7806 5771 7308 9366 2712 3225 159 6820 5797 2216 6825 684 4789 9401 3771 188 3777 6852 6340 1220 8399 9423 7891 8417 2300 9469 4352 1284 3845 5388 2318 3861 4899 6438 9002 2867 5442 3914 5970 855 7513 9054 8543 1387 879 3964 9599 386 6557 9631 7080 7091 948 8632 7096 955 8123 5568 9664 5570 8652 4048 8656 3029 9700 5112
34 3586 8708 7180 4621 5653 4633 9755 6171 4652 565 5686 6716 577 2116 1606 5200 3671 4695 2647 96 614 6248 5230 8815 1137 7798 7805 8323 1675 5265 1683 4758 6300 5277 9888 1698 2733 1209 3259 8891 8382 1728 5831 9418 1761 746 1258 5872 757 3829 766 3331 7939 776 6409 6922 1291 4385 9519 822 3926 4950 5466 9578 7536 2418 3955 7029 9095 3980 7055 8081 9123 9129 5548 4021 6581 1464 4547 8645 6090 7115 9676 3533 8140 3020 466 6623 6112 998 7145 2539 7147 2033
35 1537 6146 3074 4 9733 6153 3083 1548 6669 3602 8726 4129 1569 6701 1596 6205 4669 573 2626 71 7248 4694 5212 4089 1630 7272 4713 5741 5234 7795 5114 7827 5269 5277 1183 1696 8352 4262 8360 6827 9389 685 5300 2228 5822 6336 714 1739 9945 9434 7167 5350 4838 1775 1776 1787 8445 3328 1793 3337 267 2320 273 2330 1320 1325 9533 831 4933 1877 4451 2926 1391 5490 883 5497 4988 7556 5000 9097 5512 5516 909 5006 3986 5013 409 8091 1438 1958 9130 7089 7104 5058 1478 454 1481 5584 5587 4576 2017 8166 9202 3065 5626 8191
36 8195 1040 1043 2078 1568 3618 547 3117 569 571 8772 81 2644 4183 606 8287 7274 9322 7788 6255 129 1154 4742 3719 4748 8334 658 665 2212 1702 2215 9383 8873 2220 5294 9909 3766 3781 4805 4301 8399 4815 1747 9438 8417 8933 8948 6907 3837 5374 261 6406 2310 9992 1799 8458 7951 2833 1299 8492 2352 7473 4402 9526 5437 2368 2369 3911 7011 5988 2409 9577 2417 889 6522 9597 893 2945 8067 397 2970 3997 3497 8114 9651 9652 6070 8631 3513 955 8636 7616 1997 9696 3561 7151 3067 7165
37 5123 2053 8199 2057 1549 528 20 4639 2083 7213 1070 6190 6192 2095 6709 5688 8255 4164 3655 8783 599 8792 7258 3162 3172 2157 2675 9845 8830 3713 5251 6285 2191 4241 3731 7317 1689 1691 5275 160 2209 3234 8867 6310 4265 3760 9393 691 9909 190 3782 2253 5345 738 229 8428 3826 758 3839 7427 269 282 6444 1842 819 9021 9538 6987 3919 8534 5978 5979 3424 352 1889 9571 9582 2415 6011 7555 9615 9105 9108 9111 925 2978 5026 7076 2983 6580 8122 5565 9158 5079 3553 5605 488
38 7170 6152 5132 8204 6158 5135 19 2067 1561 3097 7709 9764 5158 1065 8748 8243 2612 2107 3135 8771 3143 1101 9805 5714 4187 604 8289 5217 5737 117 6781 8833 136 3219 2709 5783 3759 9904 8371 692 4789 183 8377 3772 9925 6854 201 8394 5844 3293 1252 3307 3825 8435 244 6901 2302 3846 5383 6927 7445 3355 3878 4393 5951 5953 327 9565 4959 363 7532 2927 369 7028 9591 6009 4990 2432 9096 9614 2962 5530 8604 8095 2976 6562 419 3507 5569 6595 9671 6602 5070 9678 2513 4561 9175 477 7647 9697 9187 1509 6119 9710 5617 9718 6140
39 2563 5642 6670 9234 8213 1566 6177 3619 3109 2104 4153 8258 8261 70 6729 7755 4175 5723 4708 4721 2162 3191 6270 4225 6274 9355 6287 4243 6292 7828 1178 4257 1190 2219 6831 688 9903 9396 9397 9914 7366 9428 1236 3800 6875 3804 7391 1762 1251 1764 5865 9961 4842 3305 1773 758 9468 6913 8965 6922 778 3343 6417 8476 5920 2852 806 3910 5456 5459 9046 2392 3944 3952 8564 3448 383 6021 3978 8076 404 3478 2455 7576 1945 5532 931 4519 427 428 3509 9656 4549 6085 7622 975 9688 9693 9182 3038 9694 1006 9204 3583
40 4096 3080 4107 3089 4116 6680 3097 6173 5151 2087 4136 557 4147 5191 2636 5710 6224 6226 9301 7770 2677 8313 9861 144 2192 9368 3229 5292 6828 6847 1729 7380 6357 223 1247 6374 3308 752 9969 7414 2299 4860 8958 4876 6931 1300 7444 1307 1312 3362 2868 1846 1849 4928 1858 835 9543 1357 6990 3408 4945 1878 9562 8544 6498 2407 7022 3951 367 3450 8573 9598 8062 3969 7553 6536 8074 3979 4493 405 8605 8609 2466 1443 7082 5037 5550 5051 445 3518 6594 8646 3526 2505 5077 7134 8674 6634 6127 7675 7679
41 7684 6151 3084 7694 8739 5164 45 5170 6197 5178 2109 2121 8781 82 6738 7772 4196 4200 2159 3696 1651 8821 8309 4732 2684 639 4224 7301 4229 9872 2705 9875 6810 3740 6817 9387 5807 8880 9905 7858 692 2232 3262 2755 3781 1223 8392 5837 5844 6873 3304 3816 2294 1276 1789 6398 8960 9995 7949 9488 9501 2339 4391 7977 7988 315 835 6983 3403 4428 3423 7519 357 8038 8554 5998 8561 6531 392 7048 5521 8598 5024 8613 1452 2482 6076 2493 8127 2501 3527 5577 457 7640 4058 2526 5090 5093 1000 8170 7660 8182 6137 4090
42 2570 1546 5130 9232 5137 529 1558 7703 5658 3105 1058 9252 3628 8241 3122 1077 5174 3639 58 2619 64 1604 3144 9801 2633 9296 4689 5721 6235 5211 4705 3177 5227 621 7796 8828 3709 637 4227 4235 139 1677 9362 6303 5798 6824 8877 5806 9392 7346 5811 6325 698 3261 2765 717 3795 6887 9977 8446 9473 1810 8466 3859 7449 1305 5913 8476 5917 2336 7972 6439 9511 7980 1329 2880 3906 3916 6994 3414 858 347 9566 5987 2406 8040 4972 4973 9073 7033 8059 6532 2440 7055 5519 6548 2965 8090 412 4023 8125 5053 4031 6084 8133 5580 462 3033 9178 6626 5102 2038 3578 9212
43 4097 2 7690 8721 6172 9252 7717 7206 2600 40 3121 4663 4152 6714 5181 9277 2118 3663 6735 5718 91 5225 8813 623 2674 9854 7807 9860 1688 6300 6301 3746 7331 2221 6319 178 5810 181 2237 7363 7877 8909 9935 5848 217 4314 2264 7898 1758 4325 6894 8945 7411 9460 756 8951 4857 9979 7419 9994 5900 785 1303 5411 6436 5930 3882 6447 5427 3383 2360 4418 330 9036 4431 6496 5484 2937 3963 8062 5504 1409 3467 8591 5520 3985 3992 7582 3998 8617 4523 942 8112 5555 951 3520 5572 5064 472 6617 3548 8692 4086 5110 7676
44 8714 4110 531 6677 5657 4122 4127 1064 7734 3133 8767 6720 9281 2118 4681 1617 86 5209 1119 2150 2662 3698 7804 4222 140 3727 4752 7829 8344 8354 4772 5288 5808 2744 2235 193 203 1741 7374 6869 2263 2279 1770 6381 2804 255 4358 1294 8469 2844 9501 4894 1314 5922 9507 302 4914 9525 6968 8519 844 5453 6992 848 1886 9057 8560 370 8052 6006 6521 6025 2443 6542 7054 9620 9111 7580 7583 1951 4004 1962 8642 970 8653 4557 468 7129 9691 9196 5101 4082 504 4602 8700 8191
45 7683 1032 2577 4629 8729 3098 2073 2074 7194 4638 4129 6184 2097 6710 1592 57 2617 1087 2624 7231 65 5183 1092 7756 4685 5197 6742 9818 2656 3683 3173 5736 7278 2693 5266 8348 1181 6307 683 9412 7889 4310 6364 2786 9955 2286 753 9459 5365 7428 262 3847 263 1805 7957 3349 791 9496 6428 5409 3880 3884 5939 7481 314 4926 9547 8016 9043 5972 340 6490 9563 3939 873 5996 4462 5494 1400 376 6529 1932 7065 1441 8622 5551 5578 8656 7633 6103 7645 477 9697 9198 8694
46 8196 7174 4108 4625 7698 8741 2609 7729 5690 7239 4171 5203 5213 2141 7774 97 2148 5221 6758 6765 6772 8820 4219 9855 9345 6276 3208 5258 6286 163 4779 8365 5296 1727 7875 3275 8909 6861 209 4817 5335 6360 1243 5857 8432 9457 7410 8946 2810 4355 8455 5897 5394 2835 6432 6442 1847 4920 7995 7487 2371 1349 9545 8020 5460 1367 5468 7010 1895 1399 901 2442 2967 1947 6568 1456 8626 2483 1974 7613 1472 9666 8648 463 469 6118 8170 6637 6133 6136 509
47 7681 8712 8203 5647 8221 6686 6695 561 4158 2628 586 8786 4087 1112 600 2654 8298 7797 2167 7802 4737 4227 5764 3206 135 7819 4238 4240 6295 2711 6304 8353 1699 1197 3249 9906 5308 3781 6344 5833 1740 3281 8413 8930 741 6373 5866 8943 1266 5363 1277 9470 8959 5892 1290 5390 3344 6426 6944 7458 6947 7972 6948 5927 7464 6448 9528 3897 8522 3402 4432 342 5463 353 358 1903 5492 4474 5508 3465 7064 931 9640 5562 3006 8640 7113 4554 7629 5078 5099 7659 4590 8690 3575
48 3593 5131 23 4135 1066 7743 1100 590 3666 1106 8805 3183 3187 4730 5246 2686 6785 8323 9348 6787 3725 6804 8854 4250 670 4775 3242 9392 8882 7871 7360 1733 3270 7889 7891 5332 8917 8406 5336 1256 2280 2805 1782 5370 8445 1278 7443 8981 793 8987 7457 1834 821 4423 7500 3406 854 8027 860 4445 1380 8552 8554 6508 9581 369 5493 4477 8063 3968 385 388 7562 406 1431 933 3493 430 7092 8628 953 7615 9671 9162 5067 7627 474 3546 9692 6111 483 2532 6115 7147 1004 6124 4093 4094
49 9217 7688 7699 5669 3623 8234 4668 4156 7229 5698 9284 68 1093 1096 6236 3680 2146 8806 7272 2154 3697 3698 2679 2691 4746 149 8342 6294 6812 7842 3248 2754 3778 5830 198 8401 5330 1749 8919 6871 8925 2273 8931 2276 739 8436 4343 2297 5883 9475 786 1820 8989 1823 3368 296 4394 7468 3374 4402 4917 8012 9037 6478 1885 3426 2410 9076 3957 8566 891 1916 6527 4993 2951 4498 8083 1942 5015 8093 3486 8618 3503 1457 3514 9147 9668 4553 7630 7123 8661 8662 9687 8152 4569 476 5611 6641 2040 1020 2557
50 3 1539 4619 9739 8738 6713 9274 4153 6717 4683 587 6736 1126 8295 4711 7281 1141 4736 3715 4249 6299 1692 3230 7841 3750 1195 7861 9402 699 2245 8390 6856 6860 2770 8407 4313 8927 2271 4841 7919 2803 4855 5881 768 790 6427 7451 5413 7466 3370 8491 4413 9022 6975 4414 2882 1860 328 8524 5454 9555 3413 6494 8035 1381 9068 3950 3439 1905 4980 9082 892 7039 6028 4500 1943 1434 923 1436 5042 5043 952 954 9147 6586 9150 9666 9673 1486 7632 1494 994 490 5618 2547 3064 4601 1534
51 4612 518 7175 5646 5136 5650 9747 24 8737 3618 34 4132 9766 6694 4140 3635 3125 9274 2109 5205 5719 1115 6749 7265 9314 3684 101 4198 615 2669 4209 644 5769 9865 2716 8860 8350 5280 2721 6816 8355 9377 6821 5286 6316 3253 7862 1722 9917 1213 6338 2764 1228 6349 1236 7382 3294 7922 8437 6911 257 4355 1798 9997 4881 6939 2333 7467 1333 5943 3383 9550 9552 3929 1374 6497 2408 5996 2424 5502 4486 1414 7060 9128 940 959 452 1477 459 2001 5588 472 4059 4073 1529 1021
52 1036 7193 5154 3627 3116 9262 7728 5695 2623 2114 5194 1612 2640 8789 5207 1623 6746 92 8808 3699 7288 9851 3201 8321 7824 5272 5790 8869 3238 4777 6826 3757 1201 4786 180 2231 4287 2239 713 7371 8405 5851 8415 5344 225 7906 9443 5348 7393 8426 1784 6421 5916 1822 8993 4898 291 817 305 7488 9026 7498 4940 2387 6485 3415 3428 1385 4982 5498 4987 8060 6012 2947 9094 8072 5513 6545 7062 9630 9119 1954 6050 3504 7088 4531 7609 5063 5585 980 2525 1503 8677 9716 4598 2554
53 2560 1026 6159 2581 7704 7711 2596 38 9255 7219 2616 3135 582 8268 591 8271 7251 2132 3169 8814 4722 7283 4217 7298 6790 3720 5259 3213 143 6800 9368 1177 9379 8358 8362 6651 9925 9926 7880 9936 8404 6870 6359 7896 1242 734 1760 5357 1263 751 5884 8447 263 1289 7438 9490 2839 1310 8990 6434 8489 9005 4916 4410 7998 1358 6481 5988 5478 1896 2927 9586 1912 9593 7035 7548 6013 898 5515 6550 2971 2973 9122 934 8108 429 4526 7603 1976 8638 6590 7111 461 9165 3535 8655 6102 2521 7643 9695 3054 3062 507
54 7168 2566 1543 2569 5642 9231 1554 18 6163 7190 3609 8233 7723 2105 9788 4673 9807 1616 6740 4182 4190 3679 97 3684 2149 4198 6757 5754 1148 5252 8838 5256 9354 6796 6286 2202 2715 5276 8861 4762 3745 9390 5300 693 7866 4802 1730 7878 4808 9929 3275 1741 735 9974 1783 5881 1788 261 5382 6924 3347 4372 3352 802 1319 2351 6966 7479 6461 5954 2385 4951 3419 9055 6501 6502 5996 4975 8567 5496 9592 1913 3464 9097 2956 8597 5014 9110 407 6557 7581 937 9645 3506 6069 9148 6588 6591 7107 452 4056 6622 7649 999 7147 2030 3567 9205 6134 8695
55 514 5639 3624 3634 8765 3140 6216 5707 2638 1615 7765 8798 6240 1635 1129 1130 2155 7279 4724 4221 126 8838 7302 2182 1172 164 8881 5299 6326 9404 9922 4807 5324 9421 3280 4817 6363 2781 3810 4835 5346 5350 3818 9967 1279 6913 6914 8961 8453 265 7947 1295 2836 1814 5401 798 5409 6969 6459 9020 3903 2372 5450 4434 5461 5465 8537 1377 7523 3940 6007 2935 3967 8088 9115 9632 4535 9145 4029 9665 2500 8645 8646 2504 9162 6604 7116 4053 8157 9698 9703 5103 2552
56 8704 3587 10 9740 8723 1044 7189 8215 9240 9242 1051 3106 7718 1577 4650 6698 3116 1068 4655 49 6705 5683 4661 5176 1594 1086 8258 7240 3145 2641 4700 3168 608 5731 9318 3182 8311 5757 4223 646 9879 669 4254 677 9385 170 8403 9439 9958 6891 9454 8955 7933 5893 5386 6424 8475 4387 4904 1835 3891 5428 7478 3389 9534 6466 6468 9035 5455 852 4948 4438 8022 5977 4953 3940 3945 880 1906 6528 4482 5000 6539 907 8087 9118 9132 7611 973 5071 7142 5616 4596 4091 9213
57 5129 1545 523 527 4630 6679 7716 7207 5160 8751 6193 8243 3127 5176 6715 1085 8258 9284 2629 3653 6727 9800 6218 9294 8277 8278 5725 7275 6774 7799 3193 4220 643 8840 8845 5776 664 7322 667 4768 4769 1706 8875 200 4812 8400 7892 1751 8922 4321 7396 2792 8937 9451 7403 8949 2293 2822 5900 1300 6943 4398 6451 9537 8003 6984 3404 334 4433 9042 4955 3935 5477 7020 4466 1396 373 9084 3454 7038 6023 1930 5003 7051 399 2458 4509 2464 5540 9126 4538 443 3008 960 4037 6087 1484 9689 7642 481 2531 4068 485 4581 7143 3577 511
58 6656 5127 5639 8202 15 3112 7210 7725 5169 4665 2106 2620 8253 3137 6722 9290 3664 1108 604 2145 9827 1132 4207 9338 6267 9346 8333 3730 7333 5290 9388 7342 7855 4271 4276 3256 6331 8894 9920 3776 4804 2246 2759 9932 1235 4322 2278 9446 233 7410 2802 2297 4872 3851 3852 4379 8477 7472 9011 5942 4406 2875 9550 2896 7509 3927 2393 865 5985 9570 362 3948 2928 5489 8566 7036 8575 5511 7049 414 2462 9634 8100 1959 9646 2999 2488 7615 7619 1480 4556 5072 981 2519 2534 8681 4080 9206
59 2572 6671 2576 1557 6169 6682 8225 9258 2094 9778 1595 9288 2634 3151 5202 2134 8284 7777 8297 6256 7286 5239 9347 1165 7832 157 8349 1192 168 9907 6323 7352 192 4291 6339 8904 203 1230 1744 9427 1244 733 7917 5869 1780 8952 8957 9984 4864 5378 6923 6925 6932 3353 8484 2853 5414 6437 304 6451 2355 9012 6963 4919 8514 7493 330 1358 7508 9045 5973 4439 3932 8549 3947 5999 6005 375 7034 2442 1420 5524 8599 928 9633 7074 5031 4008 9654 446 3007 7119 7658 6123 3052 1521 4597 9720 9723
60 4098 3075 4616 6665 7696 1047 3097 1056 7202 9252 7722 3115 5678 8246 9277 8775 5705 6222 5204 8280 8300 635 638 3714 2697 653 4753 6293 5270 4248 5787 167 9387 687 6321 179 700 2748 1215 8384 6349 6351 9936 9426 3285 3807 8418 234 5870 6394 3840 2306 6920 1815 4378 1306 8480 1315 3883 2864 7474 2355 2358 8505 1854 1350 5447 6473 8523 2895 5985 4471 7032 9085 2431 1920 1417 2442 3982 5010 2964 6549 930 6563 3492 3501 8628 3508 4026 4027 1982 5582 8144 9172 7637 983 479 1507 6127 7153 4083 7158 5115 1023
61 8200 9736 3597 2067 539 5151 6175 5153 7714 9770 8237 1582 4144 5684 567 1601 579 5193 3152 4177 5717 7776 9829 3692 8814 8819 8837 2696 3210 6288 9365 3224 2713 8862 7339 4269 6830 9901 5302 3269 7368 2255 1231 6865 5340 9440 5349 7398 1767 4846 6385 6899 9462 8950 8958 7936 3841 7943 7954 8472 793 9497 5406 7970 9509 8998 7462 4390 3366 820 4405 6969 5449 4938 2893 5464 8542 8033 354 8546 1381 1898 1392 2420 6009 3962 4989 3965 896 3463 2953 8588 5006 6034 1427 919 8604 9631 6569 9660 4034 5573 8138 1998 3023 9682 472 9709 6645
62 1029 4614 3592 13 6680 541 8226 6185 6704 2103 3647 4676 8269 6222 589 8276 6750 1631 3682 5734 5224 1645 6254 4717 8821 629 2169 2171 8827 4735 8836 2183 6793 147 8344 4270 4790 5815 6840 184 2746 3260 2750 3779 8899 8391 6855 3275 9420 4300 3291 4320 736 8419 3820 4852 4856 4858 9980 3333 9991 4370 6446 1843 2871 5944 3385 4409 7484 2365 8528 9557 343 861 8545 9579 7541 9077 2936 1924 5008 1941 4512 6059 8621 1455 4017 1972 2486 4024 6587 445 4543 7618 3011 4041 1486 7634 467 3033 8665 1511 8172 9214
63 6148 4105 2571 7182 5649 6678 1047 2584 4123 1564 2595 1578 3636 1589 5175 56 3130 3132 6207 7234 8265 7755 3660 3165 3678 4202 2667 108 6258 5243 9340 124 8320 5766 8327 3212 6799 1680 145 1171 1174 3223 3736 154 6819 2723 3769 4796 7357 6845 6341 4811 4814 2766 8401 727 6371 2788 6378 4845 2287 752 1778 7413 3317 2807 1279 4353 8452 5899 3854 5403 284 2848 3872 6436 5416 1837 309 2359 5944 9530 3905 6978 9027 9540 3908 840 9544 9035 9554 6482 4440 7013 4972 8045 8578 400 3474 9637 2471 8104 4533 8644 3013 3528 1481 3535 2514 1496 985 5082 5599
64 6699 7724 2608 9776 4659 5685 59 8773 1605 1607 7246 1624 9819 3678 4703 1637 1641 7785 107 1644 2163 4725 631 123 1665 1153 2691 3205 2184 4744 650 5792 2218 7347 5317 6854 5319 1743 5328 5843 9953 6900 6903 760 1272 4357 9478 5899 268 7955 4378 298 7979 9013 7480 6461 4926 333 1869 5965 9041 7505 6999 4962 3938 356 4965 1385 7024 7539 6518 7039 4998 9610 2444 2957 3471 2960 3990 8603 9627 5021 3999 6569 3517 3525 3015 3531 464 467 2016 4581 6119 9705 6639 3576 2556 4094
65 6144 6 8206 5138 3604 9748 8214 2080 550 9260 4654 3634 2622 6208 9282 1608 4693 3683 9832 7277 7799 6266 5242 4734 6783 1156 7303 137 8857 6811 1697 5283 2731 8375 4284 9407 5312 1219 2243 711 2261 8920 5336 6875 2790 1265 4854 3832 256 5896 4364 3364 6441 3900 2888 1869 6477 2914 4451 6501 7014 6506 8562 1909 3959 7544 382 9607 2453 2968 8612 4522 1453 8118 7095 8630 7620 7110 4555 5083 6622 1503 9190 1510 5610 5614 2031 9208 3580
66 4611 1540 4102 1037 3601 9233 6165 2595 1571 9766 2601 4141 1582 53 4167 2137 7261 2653 1630 5214 8804 5222 8806 2156 6253 3700 3202 4230 7821 9361 8338 9880 8345 9881 7321 7334 9902 5320 3277 2255 7378 211 9938 1757 9951 3296 1261 4846 1268 5879 7417 250 251 7422 9997 787 2327 3352 4891 9502 295 8488 4912 6455 2874 1338 3388 5955 4427 331 6989 6476 5967 333 6475 1362 6480 5982 875 1901 9594 7037 6016 910 5522 8601 7593 425 4042 1487 6096 1489 5077 2008 990 4577 7139 6116 3048 7146 1514 3056 9724 9725
67 6661 5133 2065 1565 3615 5152 2083 4178 3667 88 1122 613 8814 2160 2678 2682 2174 2176 1669 8852 7833 7836 1695 1187 7338 5803 6317 4785 8889 9402 8898 5828 714 6859 9936 215 2775 3289 4824 1245 5858 6372 8937 3311 8436 6416 3348 2837 9498 2843 3358 3871 6435 8996 8997 6950 4911 7985 4921 5438 7489 5447 8525 9038 9048 1883 3932 7008 5984 2914 8036 9064 4968 7531 9588 2937 1922 1927 7057 6551 3482 3483 1949 6566 3496 7595 8109 6574 4546 4036 7114 3541 1495 2523 4572 9187
68 9216 7691 7692 2063 1553 536 8732 7198 9252 4658 6196 1598 7749 4188 1121 4201 1142 6263 9341 7807 5761 6281 2185 9360 9876 8853 9367 4764 5281 5282 6823 6319 2233 4795 7356 1214 7363 5328 1234 6355 9428 9947 1248 3808 4843 4333 3823 3324 6910 771 1286 9482 4365 280 2350 4914 3380 9018 4419 2377 4429 4949 6491 9071 2416 1915 9609 3468 9619 6039 1946 1439 9644 1454 8633 3003 5055 4548 9157 8134 5063 6601 5065 7635 2515 9176 1501 6110 9708 9209 2556 7166
69 2564 4627 9751 7715 1576 44 8749 8238 6703 3118 3127 9789 6206 3142 7750 1103 591 9305 7769 602 8292 3685 9846 2692 2698 8333 4750 7823 6290 7318 6302 9886 1700 2725 4774 9899 6328 1210 7358 4800 3264 7876 4298 9434 4316 1264 2290 2301 5887 5890 8461 3344 8977 6429 8482 5926 7981 823 825 6460 4934 1872 6993 1364 8532 9051 5474 3429 2929 4985 1406 6016 897 4483 1413 5006 2961 3995 5023 8097 2984 6086 8136 2509 4046 984 2015 7147 6130 5623 1017
70 9219 7685 3081 1546 534 6689 7204 5168 2609 4144 7232 9803 9292 3661 5196 6226 4697 8797 6249 8817 9844 9335 7290 7812 8324 7305 2187 5773 7825 4758 8351 8354 2722 6309 4780 7345 6330 8900 6857 8910 7890 7915 7407 7408 4851 7923 8440 2820 6407 8968 8459 4371 9491 1301 7448 4386 7971 6952 3372 5429 6969 4416 6465 8517 5446 4938 330 1361 337 8531 2906 359 6001 3442 8568 4473 6523 1922 899 4485 4492 5518 4496 3988 1428 3481 2969 7591 8625 9141 9654 2492 3005 2494 1985 7619 8146 1493 1498 8672 5088 4070 9702 506 4604 4606
71 7 1544 4105 5644 8719 530 7702 8222 8735 5675 4147 9779 54 7736 1084 1598 9794 4163 9286 2631 1616 7764 1625 4191 8294 5223 3181 2681 5245 4224 8834 6791 4235 9871 1175 7835 5281 169 5804 2739 1205 9913 3770 1216 6849 1735 4810 6348 7885 206 3281 8929 4331 7926 9481 7953 2837 9499 3356 1825 301 1326 3382 5947 7996 7997 2369 5958 7495 6472 4444 6504 5481 7531 6517 2425 6010 5499 8582 903 8073 3470 2961 1429 6552 420 6570 5035 5549 9650 6081 8135 968 9160 974 3536 977 1500 3550 9195 2029 3569 3060 3574 8187 3068 6143
72 1026 5125 8198 8 3096 542 3118 8252 2110 9793 582 5703 8264 4686 2127 4185 3690 4718 9842 2166 1147 5763 4744 7311 5268 6814 3742 3231 5279 3751 185 3774 3783 5835 9422 9940 6362 4315 4828 8923 4826 2292 2806 8441 2815 3844 4368 8983 4381 3876 2863 1330 7991 7993 8511 833 7492 5447 8520 4425 3430 7528 8574 6553 4002 422 7596 1965 4528 7090 1471 8639 8645 5583 6611 7652 4070 5095 4075 6636 6139
73 9224 11 8209 9241 2076 6693 1063 3631 47 8755 8762 3131 5184 9283 9796 8778 8791 93 605 7265 5733 102 7783 4720 3185 113 9849 3710 8322 1667 4738 7301 647 2707 3228 7872 5826 3782 6355 9943 2272 5345 3812 5364 4859 1790 1280 1796 7430 2315 9484 783 2832 4367 2322 1813 4382 293 6958 9010 7986 312 2881 9029 8006 4936 7499 2383 7512 1378 9575 4455 4967 8054 7543 7549 4994 7559 1422 7057 6546 8596 5531 926 7584 9667 9166 6095 1490 1497 3034 2010 1504 3045 5608 5096 493 4592 1530
74 1541 9735 7188 3094 1053 7205 2088 6186 7221 2614 6200 8770 9292 593 2643 6747 3683 2661 3687 5738 6763 619 9843 119 2685 2688 642 8325 1670 6278 4741 5775 4756 2204 5278 6816 5293 7856 5809 5820 4797 9924 8901 4296 7883 2256 2265 5342 745 7401 6890 8429 8431 3827 2299 6398 4870 7945 5393 4369 4374 2842 4380 7461 3367 1326 2862 6968 3898 1341 1347 3908 5959 2389 7526 4459 7535 8048 8071 7052 9628 6045 7591 5546 1967 9648 1459 5561 4028 8126 5567 447 1992 7117 3028 8155 2012 6109 5608 8690 5107 6642 4088
75 6656 8194 9732 517 8711 9225 4106 9238 2074 9243 9756 7721 9770 4664 4672 1102 3164 95 5728 6755 7273 3180 2161 9343 9875 2199 1178 3739 672 4257 6818 3243 4267 1709 1708 696 8379 1748 214 1752 1246 1763 9959 1259 242 5368 765 4370 5399 7965 6430 6433 4898 802 6949 5420 4407 1851 4421 7507 4436 9559 1881 7003 872 3434 1398 8061 6526 3970 389 8080 408 5019 9628 9116 2975 5536 1444 9133 2478 4525 2997 9653 1468 7102 6593 3017 972 4049 3028 7638 5597 7140 4080 6135 1533
76 6664 6669 8207 8721 3612 8221 7197 9758 2089 1580 8245 5694 8769 4161 8263 73 6733 6234 5233 3706 5245 130 8838 6792 8851 4246 6807 4763 7325 4788 7864 1208 6335 4800 4289 705 3791 2260 9944 2270 7912 236 2285 4844 6893 1779 5875 9463 7416 1785 5882 4351 5377 6403 6927 784 1812 7966 3870 8992 2849 1313 5932 5938 2357 9014 313 8002 5960 842 9549 7005 7007 364 9080 8064 3472 1940 3989 3480 927 2467 4520 7592 3505 5556 9141 5558 5560 5056 448 1986 1475 9669 1481 6618 3552 6625 5090 8162 3562 1518 7156
77 8709 5648 6675 9753 2081 7206 4647 5672 1071 1079 1080 9274 63 7744 5187 2645 5720 9306 4702 1119 8300 110 4721 9334 5751 3703 7811 1670 3207 1159 1160 9866 3722 2189 9360 2708 7844 3748 8868 679 6308 6829 5805 9392 9405 9408 1217 5827 8395 728 7388 4321 9960 6382 1270 8955 6909 9470 9983 4360 5905 8473 283 7455 5419 6959 9523 316 7496 4937 2380 2903 2909 862 5993 5487 9081 2940 6530 2946 5000 8588 6038 408 8606 4515 1445 4007 7593 5047 3001 8635 7615 3538 1499 6117 5094 8693 1528 2042 6653 9727
78 7684 4622 3603 22 3607 31 3617 2593 9251 9765 9773 3633 2101 8758 6711 6712 3643 7230 9791 7237 7238 94 6241 8296 626 116 8829 8321 7302 1161 5261 654 5793 676 1191 1715 7860 8890 6846 6851 4294 3789 7890 9436 222 3809 6881 1262 4335 240 3834 2813 260 2828 6414 786 797 8488 297 1838 3895 834 2883 7500 7004 3427 9064 5996 8045 7026 7538 2421 2433 3975 6032 1424 6548 6046 7070 4000 9634 2983 3495 7081 9134 7600 8115 8627 4532 8139 6097 985 5596 989 4071 8190 9215
79 5635 10 1550 7700 8217 1061 1574 9256 4653 2096 9269 3126 5182 63 577 1611 5708 80 3158 9817 8293 4709 7781 5222 2153 1131 9329 6778 9851 9852 3709 7291 5249 7310 9873 3218 1682 7318 3739 8872 4787 2740 6838 1726 8913 4818 9428 2268 9444 9449 5867 2298 7420 4862 5888 5889 4867 3850 2324 5909 4893 7969 7972 8485 9518 311 2872 9529 2373 5445 2377 2378 3409 5971 8024 3449 9595 7040 4481 9605 8593 8086 7582 3489 2981 943 8631 440 7614 9154 1999 5583 6104 5600 7662 6643 9211 8701 5119
80 5126 1055 4642 6690 546 5668 3133 6730 9293 5197 593 3672 3673 603 2661 3705 7302 1671 8332 8339 7325 4256 7846 5799 8361 1206 4279 7866 6345 3786 3787 5838 8911 8912 6864 4304 2771 9939 4823 8408 9436 732 226 5862 9449 7921 8438 9975 249 6395 4866 9485 276 6433 294 7465 4907 299 4922 8508 9534 6467 9028 1861 849 2388 6486 5976 3932 6493 9057 3435 6004 4472 7565 1952 8098 2980 7080 7595 4019 1462 4539 6082 967 6600 1995 7631 7119 2511 1492 6105 7130 5081 988 2528 9193 2026 5100 6128
81 5121 5125 9734 5645 1551 5655 9755 3614 2597 3625 6188 9774 5167 9264 2610 3125 6198 1603 2627 5709 2128 7253 8279 4186 8795 1630 7269 1638 4199 8301 5241 7812 6280 2190 7317 7830 1185 1703 6314 6831 5295 2741 4277 8383 3267 2763 3283 725 7897 9946 227 7404 4334 5872 5874 7425 9986 8967 4375 7453 2845 5407 4893 9008 2365 1342 5457 4435 1884 360 881 3960 2436 9610 5517 6556 2972 8099 9636 932 426 3500 439 4032 963 5574 4552 7625 1485 8145 7122 3544 6107 8667 6619 480 7159 3582
82 5632 513 7169 1028 4637 35 4136 7209 4649 5677 4145 8759 1082 9787 4666 2119 2123 2125 8782 9297 1619 8282 5741 2671 5747 3189 8835 1166 3215 9879 3226 8353 2214 3753 6834 8887 8376 1721 7874 9416 4820 8410 4829 8416 2274 8939 7405 9966 1275 1795 9487 3351 3353 8985 281 4894 2846 3873 6955 5934 5956 5449 2912 9058 1892 9572 7019 876 1904 6008 1917 402 7574 1433 8089 7579 5025 4514 6578 1461 8632 3007 8128 962 7112 9168 8156 7135 8676 8677 8168 1515 8684 9203 4084 2041 9210
83 8192 6150 2575 8721 9240 8218 8231 5161 3113 7215 3649 3650 2125 7758 79 9815 1113 3676 5735 2668 4728 6279 6289 5779 5781 6805 4255 7842 4261 678 7866 8895 3780 6346 720 6359 1772 239 5366 4345 4351 7423 3335 6408 5391 271 4879 6930 3350 1302 2349 7482 8507 5948 4931 7497 8529 338 6995 3924 8017 1878 7516 8541 4958 1888 5472 866 7524 9069 372 1911 9083 6015 3977 393 3983 1935 5528 921 5017 3487 9120 7087 1980 5581 4050 3548 4073 6138 7164 5118
84 7682 7179 9228 2068 3093 3102 31 4643 3114 4662 5693 2120 78 7247 4690 1618 9303 7768 2649 2138 5727 2144 5735 1135 4215 128 5768 2194 9363 3732 2196 8354 1189 174 6328 4803 6853 2247 6880 6376 4850 2817 5384 4874 4362 1293 8463 6932 4374 278 1819 9503 7967 1827 5417 4411 5436 7485 9031 4426 4940 2908 8547 870 5991 4459 6512 7542 9086 7557 2953 1419 5027 2982 1448 1964 5551 4542 449 7621 4550 6607 2000 1491 9686 9180 6125 6638 7154 9719 9215
85 1018 3599 8720 8725 538 544 552 8239 2099 1088 66 77 4691 9304 9823 6752 7264 5735 6762 4716 7285 1654 640 6277 651 3726 151 5273 3739 4776 2729 8364 2735 4275 8372 6836 9914 2757 1222 5319 3271 1738 5327 2260 1241 3292 4840 2295 6397 7938 8964 9477 2829 8462 782 9492 7959 6938 2334 8497 6970 828 5949 4430 9040 9050 7515 9060 7012 8553 3440 5488 894 9600 899 6027 6033 8594 2962 4018 5045 8117 1463 4545 4043 1488 4051 9180 5084 3550 9183 5598 997 6635 2548 2554
86 4100 7686 3078 6166 25 1566 2082 9263 9777 8241 6721 7749 9808 7254 1114 7773 9822 4707 2665 6767 9845 9341 8318 127 4747 1167 9361 1178 156 4256 3238 6315 9903 5297 1720 710 2763 719 2259 8915 2267 737 5864 4331 1260 9452 3821 9971 6913 7441 3858 792 5914 800 9505 809 6955 4399 3887 1334 3899 836 7495 7503 8530 6996 1366 1879 2904 9564 1372 3937 4963 9062 9576 9064 2925 384 2434 1411 2954 6032 3477 6558 5028 936 4009 1975 5050 2490 9149 465 7137 8677 5101 1518 2543 2039
87 9216 2055 2568 6666 6676 1045 4119 5147 8740 5672 558 7220 6197 1590 9273 3648 578 9795 2630 2119 583 8774 6223 2143 5229 5743 115 8830 4232 1679 2713 7326 8871 9386 9908 5301 6839 3775 5312 707 3283 9941 3290 6368 3812 5351 9453 8947 6396 9981 2814 767 6399 2305 1795 775 7437 1297 790 2332 6945 9007 6962 7475 7493 6981 5449 5970 2396 5483 1394 1918 8068 6020 5510 3977 8587 7567 9109 918 412 6052 4524 6575 8623 1460 1470 6592 4035 9670 5575 8651 4045 6614 982 3031 8154 987 2535 3560 2028 5631
88 9730 9731 8711 520 5654 4631 535 537 27 9763 5676 7727 7216 1073 8242 1076 7733 8760 1598 8254 4672 6211 2635 4172 4174 3665 1107 9813 1629 9309 9313 7266 2674 5235 630 2168 2172 1150 2188 4757 668 158 2719 8879 4784 1717 5814 187 8892 2246 4322 6885 3814 3815 2797 6896 2299 8956 4348 3325 6404 2831 6420 8471 2328 5915 8991 5936 7984 5425 4401 1334 826 3900 8000 321 6470 8007 2379 2919 2920 5483 2411 8559 4982 3972 904 5005 2959 1938 3993 8089 5020 7587 3494 1450 8111 432 6589 4034 1990 8659 6612 8666 4578 486 2025 9711 7162 5116
89 5639 8717 1038 7699 3609 6681 6691 8745 5163 3641 5189 3662 8285 1123 7780 5731 1636 4713 9839 4213 8823 2170 9853 5760 7300 4229 4743 1678 3735 152 6815 2210 2730 4781 1203 7866 1211 7877 3278 5328 7889 4309 5849 5853 9954 7906 9448 8433 3314 6902 1786 7933 4350 2308 2326 3352 1816 5408 4395 3885 2864 7477 4412 4932 3909 1352 6474 7507 851 7001 864 5986 2403 7021 7534 7031 1401 6528 3973 1939 3478 8603 5537 1443 6061 5039 2996 444 1489 1502 8161 4581 9701 6120 3569 4595 1525 4094 4607
90 1537 514 3585 5634 3077 8206 3091 6697 4664 7225 1090 67 7760 9820 1117 3171 1134 8306 632 5247 8330 7313 1687 6813 671 1184 4771 7849 3247 5307 4802 5317 199 3274 8907 5836 4308 1755 9441 8932 2279 7406 9967 3310 9464 1792 4869 1305 7962 5412 1831 6446 8496 8501 2877 1859 2376 2901 857 2910 9059 1382 8551 2413 2414 2931 7550 4478 7554 9091 4488 9097 1418 5009 915 1944 5529 410 7072 6048 6560 4005 433 6073 4039 8141 488 7144 2540 2545 9720 5116
91 2561 7172 3588 9 6154 9229 8208 5660 4126 4640 2592 1570 51 2100 5177 1598 8260 7244 6739 8788 83 87 4184 9821 4195 4713 7276 6257 3704 9341 1661 8831 6275 5765 5253 648 1163 9877 156 6306 6320 2236 189 9409 6338 5834 207 1232 3794 3798 6358 743 2793 753 1275 3843 2309 3852 3340 5923 2851 7973 2857 2866 307 822 324 7502 5458 3410 1874 4952 2915 7020 9583 6519 2435 2437 2441 9613 7570 9121 9635 8102 5543 6054 2476 437 3002 3519 3008 450 7623 6092 6615 6108 5092 4581 3556 1516 1517 9200 5105 6652 7678 4095
92 0 6149 2567 7695 6683 8731 3099 1052 5153 5155 4137 7726 9781 9785 4674 1095 9289 3661 6737 6230 3166 2142 6242 5730 6255 4720 3185 6260 8820 8312 7803 9344 8325 8330 8850 5268 1180 2720 4264 692 5816 697 4286 8386 4303 8924 221 9950 3298 231 7920 6898 1267 3840 4867 5379 7429 4877 2325 279 1816 8986 7963 2345 2857 1336 2361 6972 6973 1351 1868 3405 5970 1363 859 4956 3432 6510 7541 2422 886 4476 4480 1410 6018 900 908 5016 926 7084 429 6064 4019 9140 4025 9151 8643 8645 460 9681 3028 9686 8663 7644 7646 8670 6631 6119 7157
93 3590 16 6673 2071 4633 7706 5667 2087 5162 1599 1602 3652 5194 3148 5201 9816 6233 1115 4703 616 9325 5753 5244 4745 8347 1693 4766 2211 7351 7353 9915 704 4809 2762 4816 2258 3794 6365 6366 2783 9454 258 2826 1297 4371 4884 8468 1819 3874 4390 810 1323 8493 838 2399 1887 9066 1899 3949 9073 2932 9598 4991 6024 5001 9611 1953 8611 6051 8105 5552 4016 434 950 9142 1465 3009 2507 6094 5073 3030 4567 2007 4571 6624 7152 1531 1532 2047
94 5124 521 9236 5652 4628 2072 8227 9256 5674 8240 563 7222 67 4680 3068 9294 2642 7771 3175 4204 8304 5744 4211 3708 2177 3217 5287 7336 3244 4801 5314 1731 7369 7673 6356 1239 3802 7910 6378 6387 1781 5878 5371 8449 9475 6915 6919 8462 7952 2838 8470 4890 8479 1828 7471 3889 3378 1332 5941 1852 6463 1863 336 856 9561 3934 8556 4461 3442 4468 9079 887 1404 1407 2944 1925 9099 5004 7059 8090 2990 8115 2485 8637 5057 4566 3545 5606 6632 1001 8171 2027 503 9721 3580
95 6144 3073 9221 5659 5153 5666 2084 9765 3111 5682 7740 1085 8256 1097 3154 4183 3675 9307 4197 6760 1642 9323 6765 1652 2166 7801 7299 3210 5264 7834 8862 8863 1193 3768 697 4793 6341 3287 4830 224 2786 9964 4845 3309 7435 2320 788 8480 6961 3893 6966 1852 2366 1343 320 322 8008 1864 8019 8021 5462 4440 5981 9569 361 2921 4973 2929 2423 2434 5509 6534 2964 1955 4003 5029 423 7093 6597 7109 455 8656 6610 985 8156 4074 2544 8177 5620 8181 8189 2046
96 2051 7171 1541 12 7184 8210 5140 9760 3107 549 554 4651 8751 4144 559 1078 5692 60 577 7746 9797 584 8264 7754 1099 8785 8787 4180 4186 1133 6262 122 9339 133 7815 9863 9353 1162 9870 5777 4755 9378 8870 4266 3243 5631 1716 6338 709 6865 7890 8414 4834 5860 9445 2291 1781 6400 7431 7447 2841 8499 3896 2875 3399 332 2401 4454 9065 8557 6511 3953 1921 5514 5525 2969 6553 9630 8112 4017 7089 8115 4534 950 1978 9158 3529 3530 9675 9679 6616 4060 6113 493 1526 508
97 6149 6663 3079 2058 6156 8721 6174 36 1582 8750 6703 2101 5692 7747 70 8266 2131 9811 90 7261 1632 3174 9319 1640 5226 7792 4723 6773 3192 5770 3223 666 9883 2205 4260 2725 165 1204 3764 7863 697 6329 1725 6852 3784 4821 4825 219 9956 7407 6908 4863 6929 8982 5404 3357 8993 2849 6442 300 8502 4924 9534 8004 6982 1871 5456 9571 2916 869 7015 4460 4974 3956 2941 8073 9620 5526 9625 8616 2474 939 4012 7112 5066 7124 986 8669 7648 1003 2032 8181 5628
98 7685 2054 4620 3598 4634 545 4133 5157 3110 553 7726 9272 57 5690 8250 6201 8253 9792 5185 6724 7752 5195 8270 6229 3160 4704 612 5220 7784 6761 622 2675 1653 3702 5752 6268 7302 9350 8331 7822 2704 153 9887 5285 4778 3763 9411 2779 7388 3294 7903 238 7418 6401 5891 6406 9991 7944 8454 9483 1317 294 3377 827 3391 6464 3908 3396 3913 5964 845 8527 3407 9049 859 7521 4455 5481 4457 8560 9087 9604 1430 2459 8103 6056 937 2473 9131 8120 955 7101 4541 1993 3022 6636 7663 3570 3573
99 2049 6147 2052 519 8 7178 1046 8216 4131 1059 5671 7719 2090 5166 7730 2613 9782 3640 1593 3644 6214 8785 8274 4709 8806 4715 5748 7285 6265 2687 4224 1664 3721 9360 2195 3733 150 2713 5791 7330 6311 680 5807 4274 7348 4280 9400 4283 2767 8916 2262 9944 6872 2266 4827 1759 2789 7402 6897 8947 5881 9982 4865 6402 8963 2821 8966 3849 781 7439 274 3868 9001 4403 4404 8005 335 9042 342 8539 863 4961 9576 379 1921 1415 2448 6544 9618 914 3987 7061 2449 6557 6049 1447 9641 7597 2478 8624 2998 6583 6584 9146 2491 1979 7626 3025 3540 5589 3036 5095 4604 5117
