100
0 0 6 9 10 24 26 28 8353 36 681 4266 50 180 55 64 6354 88 90 227 1003 107 757 255
1 0 1024 2 2308 7 1290 138 13 14 17 19 26 32 928 162 422 3626 49 4535 58 64 65 968 201 91 355 233 749 1780 892
2 0 3 132 5 7 8 9 394 1296 20 155 28 29 30 34 39 3244 3756 3506 317 72 77 3706 476 112 378 1915 1279
3 0 1 4 6 9 10 16 17 2067 404 21 31 46 8241 56 63 224 1765 115 244 118 4347 252
4 0 2818 3 4 9 147 3476 3348 299 51 54 3767 3769 58 5445 72 342 217 474 3420 6376 106 110 112 242 2292 120 765
5 0 3 5 904 3849 9 1292 14 15 17 18 146 25 26 3870 6049 930 3878 56 62 92 353 1263
6 0 1 3 4 5 9 15 22 38 44 3244 46 175 2477 191 1600 69 455 73 221 115 246
7 1665 2 3 3715 5 7 2316 12 1039 148 24 1434 27 28 1310 30 552 41 554 3115 435 51 57 65 583 608 101 8944
8 1 3 10 11 12 909 152 280 39 46 56 3772 703 3649 201 594 1495 484 7269 3302 631 120
9 0 1 2 3 4 5 262 14 143 24 28 30 160 35 2216 554 46 57 60 197 69 6729 74 719
10 0 1 2 3 4 5 6 7 151 28 2848 417 37 5926 301 1454 1077 62 63 831 708 583 1737 95 5478
11 0 1 2 4 5 7 9 15 25 1307 29 7328 34 35 51 53 63 66 79 725 726 218 6624 496 4977 117
12 0 1 5 7 8 11 13 16 19 26 29 35 37 52 1077 62 1867 78 867 2153 368 113 1410 389 393 138 3724 404 1199 4529 199 1260 1263
13 0 1152 3 4 5 6 8 141 1677 15 16 17 793 26 7202 6434 165 1445 63 74 230 7658 110 505 2175
14 4 6 135 13 909 21 22 23 33 9512 311 61 68 72 216 2153 1387 240 245 118
15 0 2 3 131 5 8 10 14 18 19 28 158 7585 2339 40 5546 43 9907 439 56 69 339 211 341 98 107 110 753 243 118 249
16 1 5 7 8 137 11 14 4371 22 9118 31 35 50 2744 8770 327 201 82 595 725 3689 9837 4208 243 126 254
17 0 1 4 138 14 15 398 530 19 2202 7086 4291 2884 70 333 2382 84 92 227 1395 4343 633
18 0 2 6 7 11 283 5789 1070 176 3130 1857 70 74 3572 885 9080
19 2 5 4106 13 18 154 3483 668 36 37 2088 303 175 1073 51 54 66 70 203 80 83 3676 2018 9831 232 105 638
20 0 1 2 3 5 9 138 11 527 16 28 417 943 560 3632 1589 55 185 66 71 968 597 859 2147 2153 110 3706
21 0 2 4 5 7 12 4247 28 5661 160 3884 173 4911 325 1869 852 2264 6115 8687 4336
22 0 1 2 5 8 264 1290 1419 13 18 279 24 27 176 709 1361 3156 2391 3935 369 4978 500 886 6011
23 1 2 3 5 2322 23 24 27 29 36 554 45 53 7488 70 209 1109 1506 3046 623 111 123
24 0 2 3 5 7 8 11 9740 13 23 2208 33 35 42 2096 58 197 74 977 82 232 2546 114 116
25 1 2 3 1924 5 136 9 11 2191 20 919 24 1048 29 41 51 830 1346 2384 104 5482
26 0 1 2 3 2052 6 9 14 16 18 20 24 2073 155 31 803 84 725 214 5974 3038 609 867 5747 116 887 250
27 0 1 2 5 10 138 1427 661 21 23 155 157 35 36 37 40 170 176 51 8761 64 70 464 366 252
28 0 2944 2 3 14 20 23 1191 424 53 440 58 68 708 731 1885 5345 102 3054 8176 114 121 2426
29 769 2 5 135 8 138 13 16 33 40 5033 681 309 59 1477 76 78 862 746 7791
30 0 1 513 131 4 6 9 13 6926 399 398 275 1173 27 9502 677 176 688 77 98 869 4982
31 3 132 4 6 7 5 138 19 24 8473 154 34 4259 1065 48 176 58 449 1221 204 97 867 110 9848 122 124
32 0 2 4099 4 3 2185 10 12 13 18 20 21 2841 155 28 5921 42 995 113 242 2419 625
33 0 1 2 4 900 6 7 8 9 19 20 9365 8601 25 26 3097 285 2848 39 52 62 3532 204 78 2383 5101 7155 3198
34 0 1 3 5 8 9 2955 395 6166 3222 665 155 27 34 163 1188 37 38 3369 42 46 54 2615 63 64 193 2142 620
35 1 3 7559 9230 3983 142 20 1557 4374 26 28 167 42 2610 65 1604 71 351 482 2148 8315 766 3839
36 2 3 4 6 1027 10 14 17 3600 21 2591 34 549 554 301 61 3405 849 594 4705 2659 111 138 913 195 977 725 479 5091 501 249 1279
37 0 4 5 6 9 140 15 534 3097 2208 41 173 6061 7984 56 465 83 472 89 88 859 2165 2549
38 0 385 2 3 5 138 17 24 2840 27 2334 30 33 50 573 832 2371 707 725 1779 249 7677
39 0 1 3 4 389 9 20 1174 22 795 5921 40 301 695 186 6082 67 456 213 92 3554 98 102 2416 120 2170
40 2 3 8 5514 138 11 15 16 19 20 660 277 538 161 169 41 45 1116 95 1509 2281 1147
41 6656 5 6 8 9 11 1678 659 24 25 923 33 36 37 554 6962 5554 309 7989 199 72 78 84 86 348 3172 372 5243
42 0 1 2 3 4 773 8 34 40 176 305 62 5187 1495 1768 1263
43 0 3 4 5 259 8 140 4501 38 424 2218 574 2501 583 7770 224 1382 361 6379 110 112 3826
44 0 389 6 7 139 12 13 7594 1963 1078 2364 62 65 195 708 69 1622 2293 2300 2173
45 0 1 2 3 771 6 7 8 138 10 142 15 7055 17 3475 917 27 1310 37 69 966 977 106 1015 504 253 254
46 0 1 2 3 4 5 6 389 9 138 11 1293 14 15 4370 152 2208 8743 1576 52 57 63 448 65 968 1098 6869 1502 121 6397
47 0 1 2 1153 7 8 12 140 8719 26 155 36 168 45 47 51 53 1465 67 583 71 3662 1495 2264 107
48 0 1 3 517 7 8 9 135 12 14 15 144 1679 403 1812 155 40 48 177 444 841 3684 8423 747 636
49 0 1 2 6656 7 1671 9 647 6670 15 22 3097 154 27 158 415 36 300 945 2741 1334 56 187 61 69 71 216
50 0 1 2 4 900 7 11 13 14 15 16 145 653 19 404 25 154 155 59 5309 456 1737 1232 607
51 0 1 2 3586 2818 5 6 1159 8 138 780 14 155 28 35 1063 297 7211 185 9165 468 725 93 1383 246 127
52 897 6402 131 4 7 135 18 59 63 5573 326 1482 4947 212 219 97 98 232 8050 1270 252 253 126
53 0 1408 2 3 133 135 139 3215 16 23 1434 155 5150 1951 34 1958 168 681 57 2233 60 583 82 96 613 106 366 7676
54 0 1 2 6 11 780 523 14 147 8982 22 26 667 44 687 48 314 319 580 72 92 477 612 485 239 4724
55 0 1 2 5 6 8 9 10 12 19 7701 22 27 797 30 31 175 1077 1737 203 77 83 97 2033 3062 1399 126 127
56 3 12 4494 288 5667 1315 37 1318 38 174 46 1070 948 53 1610 1101 728 2264 1502 1910 120
57 0 1 1155 3 7687 8 145 20 23 1826 43 1452 45 1972 1087 708 583 8654 862 739 103 1384 1132
58 0 1 2 138 1810 32 295 45 175 178 3764 54 1084 192 585 329 84 608 745
59 0 2 1412 7 1675 12 2188 13 18 1429 2583 152 923 155 28 6138 2736 183 188 65 1477 73 1098 733 878 762 763
60 0 1 2 3 901 6 8 9 535 29 30 31 2848 35 5029 935 40 6577 49 193 1093 492 7161 123
61 3 4 5 7 8 1294 16 18 148 20 22 280 32 34 9262 60 78 335 4304 2384 1877 3689 9199
62 0 1 2 1283 4 6 147 148 6937 25 158 31 32 4127 1310 164 60 69 7624 72 85 89 230 4841 9208 5887
63 0 3 8 1290 11 9486 14 17 27 6428 28 40 41 298 559 316 829 64 68 82 859 2148 1652 136 145 161 3248 5313 195 466 982 3054 499
64 0 1 2 3 5 5253 261 778 1290 13 1021 148 37 48 7860 60 191 63 65 327 329 1738 75 1737 1759 229 109 9584 112
65 1 2 4610 4 5 6 3975 390 12 1180 5287 45 57 702 65 71 207 482 229 5482 1395
66 0 1 2179 4 1156 134 135 9 138 12 14 16 4881 3730 2198 35 43 435 54 3767 316 7007 874 122 4347
67 0 1 641 2 5 6 8 9740 404 3477 535 1434 160 38 4654 47 178 52 67 708 9824
68 2048 1 2 132 10 16 24 27 6171 29 177 49 54 185 1215 63 855 1122 1510 1127 1894 114 2933
69 0 1 2 4 5 10 17 18 660 25 671 166 3372 2744 57 68 73 4828 126
70 0 4 6 7 12 270 14 19 2078 31 423 3113 44 53 2627 968 5990 4850 757 501 4863
71 0 2 4 5 7 1671 9 10 18 919 25 31 33 290 163 316 2240 67 3271 74 204 83 8151 1495 87 859 1634 2274 3684
72 0 4 5 6 138 11 15 29 3102 173 47 48 1076 1598 192 708 1094 74 76 717 1618 231 237 1519 243 1270
73 0 129 2 4 9 10 11 12 3725 146 22 24 26 30 36 686 816 53 4287 8528 1232 468 225 5603 5860 867 110 880
74 0 4609 4742 8334 17 1170 531 27 31 52 1077 56 184 59 65 70 2386 610 1384 624 112
75 0 1 3 6662 6 1671 11 14 911 3215 401 17 6165 29 33 4900 1193 3247 50 8002 8271 850 1759 235 253 125
76 0 1 2 5 390 7 138 1034 11 2446 16 148 22 27 5168 56 66 7749 9421 94 355 869 107 4345
77 0 1 2 3 11 19 20 22 23 24 27 29 35 40 7342 48 52 57 60 197 69 79 725 1114 6491 3561 236 114
78 2 4 6 391 8 524 14 18 19 7451 27 46 183 579 583 1229 851 211 3416 93 1502 1250 3700
79 1 2 3 5 653 18 1579 174 54 2616 824 324 70 72 1482 8270 1494 93 9565 2401 5233 892
80 0 1 2 128 5 6 3975 135 909 2062 3598 14 20 21 22 27 41 43 46 968 737 355 107 252 255
81 0 1 2 3 4 5 7 8 9 11 12 655 16 20 8728 7320 35 679 40 316 68 2642 96 355 236 111 123
82 1 3 5 907 524 13 14 17 18 20 27 4255 291 6051 38 3501 2093 56 58 9543 844 79 9551 210 468 3545 224 1506 356
83 0 3 5 6 2063 1679 17 19 21 24 29 3613 157 37 38 3244 1200 449 9412 79 2132 366 112 240 1521 2035 253
84 2 4 139 16 660 7189 29 159 32 415 4642 51 90 95 107 621 370 371
85 0 1 3 6 8 138 6030 18 19 6038 918 159 32 163 550 166 187 64 3398 332 5074 2409 106 252
86 0 2 3 4 9 12 23 28 3612 30 7328 1826 2343 172 49 2870 1209 60 199 968 588 222 243 2420
87 0 6 13 18 22 23 151 26 29 161 34 290 176 945 1595 61 2010 1005 881
88 0 1 1029 6 7559 2952 8 7 5 16 1809 274 929 549 42 44 1581 52 2491 318 85 90 2138 4829 869 361 618 1263
89 1 131 6 7 2060 16 19 25 1307 5659 31 34 9005 301 57 82 472 5350 8558
90 897 3 4 5 7 8 12 14 1425 29 1056 2849 37 933 38 425 944 60 445 86 4189 232 1257 1263 115 120
91 0 1 3 8 10 14 406 26 28 426 53 56 1978 443 2367 585 1866 329 463 2001 225 101 235 237 111 1279
92 1 3 5 9 650 11 12 13 20 25 794 27 3097 2216 1321 41 56 62 714 2763 208 84 599 604 1384 236 366 6769
93 1024 2 131 5381 6 264 265 138 12 17 23 25 26 38 824 3519 193 65 709 1352 4688 721 976 84 3030 7038
94 1 2 263 8 138 11 14 795 3631 193 581 1223 458 330 1484 74 725 100 1125 1260 125 253
95 1539 6 906 11 12 13 20 1046 156 797 805 1962 174 49 2744 3774 344 737 3692
96 7 268 17 145 3860 2842 27 155 31 545 51 8886 6459 64 709 197 81 2527 1120 1384 4981 4726 122 5245
97 0 1 2 3 5 6 8 9 138 11 16 3345 18 21 24 285 38 47 2739 54 72 4425 1738 727 9305 3292 97 225 746 1017
98 0 1 2 642 4 3 6 7 5 1423 15 21 1303 2712 3097 6554 4131 38 48 307 51 1090 347 362 621 3064
99 0 1 2 3 4 7 8 9 3849 139 15 16 4625 1809 406 3738 28 542 548 3110 175 7479 5817 2890 104
