100
0 0 1 3 6 9 10 24 25 26 28 37 681 4266 50 55 64 6354 88 90 227 1003 757 255
1 0 2 3 6 1290 138 13 14 17 19 26 32 928 422 3626 49 4535 58 64 65 968 201 91 355 233 749 113 1780 378 892
2 0 1 3 5 7 8 394 8970 1296 18 19 20 155 28 29 30 34 423 39 3244 3756 3506 317 68 77 476 378 1915
3 0 1 4 6 9 10 16 17 404 23 31 46 1202 56 320 453 224 229 4594 115 244 118 4347
4 0 1 2818 3 4 5 6 9 12 15 146 3476 299 48 51 54 3767 58 1085 5445 333 8912 342 217 474 112 242 120
5 0 1 3 4 5 904 3849 1292 15 16 18 23 25 26 3870 3878 56 62 728 92 353 104 1263
6 0 1 2 3 4 5 6 9 15 22 44 45 46 175 3244 573 191 69 2638 80 115 246
7 0 1665 2 3 1 901 5 7 2316 141 12 1039 148 1434 27 28 1310 552 41 554 435 52 65 7493 583 608 101 5618
8 0 1 3 10 11 909 7056 26 39 46 49 56 7866 3772 703 3649 67 201 206 80 82 120
9 0 1 3 4 5 6 262 14 143 24 30 160 39 2216 554 46 57 197 4421 6729 74 5451 719 483
10 0 1 2 3 4 5 6 7 137 151 28 2848 37 5926 301 62 63 831 708 583 1737 4310 95 5478 1142
11 0 1 2 4 133 5 7 9 15 399 25 282 1307 29 7328 34 47 303 51 53 66 79 726 6624 7918 496
12 0 1 1410 3 129 389 5 7 8 393 138 11 3724 16 19 404 29 37 1199 4529 52 1077 199 1867 87 867 100 2153 623 368 113 1263 383
13 0 1 3 4 5 6 8 9 141 15 16 17 143 405 7322 26 7202 165 553 52 60 63 74 230 505
14 0 1 33 99 68 4 6 9512 72 2153 1387 13 141 240 23 21 22 311 3001 61
15 0 2 3 130 5 8 905 10 14 18 19 20 28 158 7585 2339 40 552 43 9907 439 579 69 339 211 341 98 107 110 753 243
16 0 1 2 3 4 5 7 8 137 11 14 16 4371 22 23 31 50 580 725 478 226 356 9837 243 126 254
17 0 1 4 138 14 15 530 18 19 4651 7086 4291 70 711 333 2382 92 227 105 5227 6257 242
18 0 1 1857 2 6 7 2633 11 1070 176 338 1490 885 3130 283 5789
19 0 1 2 5 8 4106 13 18 154 36 37 808 303 51 54 315 66 70 203 80 81 216 9831 232 105 234 117
20 0 1 2 3 5 9 138 11 527 16 295 943 560 3632 1589 185 66 71 968 80 597 859 9825 2153 110 244 3706
21 0 1 2 4 5 3550 7 12 1869 1229 4911 8687 852 4247 2264 538 28 5661 190 799
22 0 1 2 5 8 1290 1419 13 18 279 24 27 2989 176 180 1461 709 3156 3935 617 369 500 886 6011
23 0 1 2 3 5 6 266 2322 23 24 27 29 36 45 68 70 8909 1109 3046 623 111 1655
24 0 1 2 3 5 7 8 11 9740 13 1428 23 33 35 41 42 299 5165 2096 197 74 2546 114 116
25 0 1 2 3 1924 5 104 9 41 11 4204 108 136 5482 2384 51 20 919 24 2522 29
26 0 1 2 3 5 6 9 14 16 18 20 24 155 31 803 4387 549 7726 182 725 214 5974 472 609 1129 5747 116
27 0 1 2 4 5 6 10 138 1427 20 155 35 36 37 40 170 176 51 1981 64 464 81 235 366 252
28 0 1 2 3 2944 14 16 18 20 23 6303 1191 424 53 440 68 708 1107 731 3054 8176 2426 127
29 0 769 2 33 4 5 40 9 8 138 13 47 144 16 5167 93 507 59 1501 1022
30 0 1 2 3 4 131 6 9 13 6926 399 18 1173 27 677 176 843 77 7252 1623 98 869
31 0 1 2 3 132 4 6 7 5 16 19 2580 24 8473 34 4259 48 176 3000 449 204 867 869 110 9848 124
32 0 1 2 3 4 10 7691 12 18 20 21 5921 42 2614 320 72 2378 4061 733 113 242 2419
33 0 1 2 4 5 6 7 136 8 145 19 20 9365 8601 25 26 3097 2848 39 52 188 3532 204 2383 3173 5101 240 3198
34 0 1 3 5 8 9 141 6166 665 155 4508 27 163 1188 38 3369 42 941 46 437 54 2615 64 78 2142 1384 620 1004
35 0 1 3 7559 9230 20 1557 4374 9495 26 28 33 35 167 42 1585 2610 5428 700 71 482 2148 766
36 0 2 3 4 5 6 1032 10 138 14 16 17 3600 2591 34 549 2600 554 440 701 61 977 725 2647 479 4705 5091 111 623 501 117 1912
37 0 1 2 4 5 6 9 140 534 3097 2208 43 173 6061 3888 7984 56 465 83 472 89 4701 2165
38 0 1 2 3 5 138 17 24 27 30 33 40 43 50 51 573 832 2371 725 1779 249 7677
39 0 1 3 4 5 9 3853 20 1174 22 795 5921 40 301 695 186 67 456 3401 213 92 3554 98 115 120 2170
40 0 1 2 3 8 1930 11 138 16 19 20 169 41 45 87 1116 223 95 98 226 997 2281
41 0 1 6656 5 6 8 9 11 659 24 25 923 33 36 37 554 6962 309 4022 74 2381 78 84 86 348 4591 251 252
42 0 1 2 3 4 34 5187 8 40 3624 334 14 176 1263 1495 861
43 0 1 3 4 5 6 140 14 23 38 424 9770 57 2501 583 2377 586 1619 7770 1382 361 112
44 0 1 930 195 352 4 6 7 484 708 1963 12 13 139 1360 3122 1622 2747 2300 62
45 0 1 2 3 771 6 7 8 138 10 399 15 7055 3475 917 27 1310 37 69 966 199 93 106 371 1015 504 254
46 0 1 129 3 4 5 6 2 389 9 138 11 1293 14 15 152 2208 8743 1576 52 63 448 65 1091 968 1098 6869 1502 121 6397
47 0 1 2 7 8 1416 9 12 8719 17 26 155 31 36 168 45 47 51 67 71 583 3662 2264 492 494
48 0 1 3 4 517 7 8 9 12 15 144 1679 1812 155 40 424 177 51 444 2381 1869 83 8423 747 115
49 0 1 2 7 1671 9 6670 1041 22 3097 158 415 3490 36 42 300 48 945 2741 1334 56 187 61 71 216 90 505
50 0 1 2 4 900 7 11 13 14 15 16 145 19 404 5016 25 154 155 59 456 1737 1232 4189 607
51 0 1 2 5 6 8 138 1035 780 14 20 155 1063 297 7211 180 185 2620 9165 468 345 93 225 487 1383 127
52 0 1 2 3 4 261 6402 7 137 9 18 8868 59 63 5573 326 1482 337 1366 98 505 252 126
53 0 1 2 3 133 135 1032 9 16 23 2328 155 32 34 4132 1958 168 681 60 6845 192 583 7241 600 96 6121 106 366
54 0 1 2 3 6 11 12 395 14 147 8982 26 667 797 44 687 48 314 319 580 452 72 92 2400 239 116
55 0 1 2 5 6 8 9 10 12 656 19 7701 22 797 30 31 175 1737 203 715 77 83 97 2033 3062 377 126 127
56 0 1 2 3 228 2500 1318 7 38 1502 12 1101 174 4494 46 2325 1910 728 120 254 2264
57 0 1 258 2 1155 3 4 7 8 145 20 1061 166 43 45 1972 829 708 583 1112 739 238 113
58 32 0 2 192 4 357 1 295 7 361 170 138 45 111 16 175 1810 51 54
59 0 1 2 3 4 6 7 12 2188 13 2583 152 923 155 43 2736 183 57 188 1098 86 733 6882 878 6135 6138 763
60 0 1 2 3 4 8 9 535 29 30 31 2848 35 5029 38 40 49 6577 819 1093 492 7161 379 125
61 0 1 2 3 4 5 7 8 16 18 148 22 2839 280 32 34 685 60 78 4304 2384 3689 6269
62 0 1 2 1283 4 6 16 147 148 6937 158 31 32 4127 1310 187 60 69 582 7624 6224 84 469 85 89 732
63 0 1 2 3 8 136 1290 11 9486 14 17 27 6428 28 40 41 298 559 177 316 829 5313 451 68 195 466 82 859 2148 110 3054 499 1652
64 0 1 2 3 5 778 10 1290 17 148 37 48 6450 7860 60 191 63 65 329 1738 75 1737 1759 229 109 112 9584 1266 1021
65 0 1 2 482 4 5 6 71 65 9 3975 5482 12 45 368 16 20 469 57 1180 285
66 0 1 2 3 2179 4 9 10 138 12 14 16 3730 43 435 54 3767 3292 7007 874 1901 111 112 1906 4347
67 0 1 641 4354 67 5 38 4775 2 160 6 8 708 4654 47 178 52 9824 3477 535 2138
68 0 1 2 132 7 9 10 16 2454 24 27 29 177 49 308 54 1215 63 855 1122 1127 618 2933
69 0 1 2 66 68 5 5633 4 73 10 42 3372 17 2033 18 660 2744 25 126
70 0 4129 1 2627 4 3 6 7 71 3113 6314 447 12 44 2 968 4863 901 1400 2078 31
71 0 1 2 4 5 7 1671 9 10 14 18 919 25 31 33 290 163 67 3271 204 1360 83 214 8151 1495 1634 3684 1645 7406
72 0 4 5 6 138 11 15 3986 789 1687 29 3102 173 6190 47 48 1076 192 66 708 1094 74 76 237 1519 243
73 0 129 2 1 4 5 8 9 10 11 12 3725 24 921 26 30 35 36 816 4287 3406 3666 467 604 225 5603 5860 110
74 0 2 5 7 27 5450 8334 4911 624 17 1170 531 2386 1233 52 1077 56 282 59 31 223
75 0 1 2 3 6662 6 1671 11 14 911 3215 401 17 6165 29 2207 33 2725 1193 3247 50 53 8271 850 479 1759
76 0 1 2 5 390 7 777 138 1675 11 2446 16 148 24 44 5168 56 66 7749 94 355 869 4588 4345
77 0 1 2 3 4 8 11 19 20 148 23 24 27 29 35 40 6188 48 52 7105 324 712 725 5463 2648 1114 6491 3561
78 0 2 4 6 14 15 18 153 7451 27 579 68 710 583 72 841 5064 1229 85 93 1502 1250 111
79 0 1 2 3 5 6554 924 174 47 54 2616 70 72 1482 8270 466 7771 93 2401 5233 633 892
80 0 1 2 128 5 6 903 3975 909 14 9872 20 21 22 27 41 43 46 68 968 7123 87 355 107 252
81 0 1 2 3 4 5 7 8 9 11 12 16 659 20 8728 7320 35 679 40 68 1226 2642 96 355 236 111 123
82 0 1 3 5 6 9 10 524 13 14 17 18 20 291 38 178 56 58 72 844 79 210 214 3545 349 224 1506 739 1260
83 0 4225 1 3 4 5 6 2 2063 17 19 9876 21 24 29 4512 37 168 3244 449 9412 79 1895 366 112 240 2035
84 0 1 2 3 4 5667 32 4642 621 878 16 370 660 7189 94 29 95 159
85 0 1 2 3 5 6 8 138 18 20 6038 918 22 30 159 32 550 166 3511 3898 64 1219 3398 106 113
86 0 1 2 3 4 5 9 12 23 28 3612 669 7328 161 33 1826 5542 2343 49 968 588 222 243 2420
87 0 1 34 2 2660 4420 1253 154 6 26 290 13 176 18 29 22 119 2010 3901
88 0 1 1029 6 902 2952 8 7 5 13 1809 274 24 28 929 549 44 1581 2491 318 450 199 467 85 90 2138 618 1263
89 0 1 34 67 4547 99 2 5 4 3 6 675 2570 2060 8558 19 25 57 31
90 0 1 3 4 5 7 8 12 14 1425 29 1056 37 933 38 944 2108 60 445 4189 232 1257 108 1263 115 120
91 0 1 3 8 10 14 406 26 28 162 40 426 53 56 2367 585 1866 329 463 2001 225 610 101 237 111 1279
92 0 1 2 3 5 9 12 13 20 25 794 27 3097 1321 41 183 56 1601 714 2763 208 84 599 1624 1384 1131 366 6769
93 0 1024 2 1 131 5381 6 264 138 12 16 17 1047 23 25 26 38 61 193 65 461 721 84 3030 1116 127
94 0 1 2 263 8 10 11 138 14 18 795 35 310 581 458 330 1484 5710 725 89 730 100
95 0 1 3 6 5831 1962 11 12 174 2744 4657 49 20 245 276 1046 3000 3774 1439
96 0 1 9219 4 6 7 9 17 3860 27 155 31 1572 806 423 51 8886 64 81 342 2527 227 122 5245
97 0 1 1922 3 2 5 6 7 9 138 11 16 18 8851 21 24 673 38 47 54 185 709 72 4425 85 727 3292 225 97 1135
98 0 1 2 642 4 3 6 5 7 395 15 1423 2712 921 6554 3097 38 48 307 51 86 347 4711 362 621 3064
99 0 1 2 3 4 7 8 9 3849 139 15 16 4625 3738 28 548 175 7479 5817 726 476 870 104 1902 756
