100
0 6 9 10 11 23 24 25 37 4266 52 55 184 5448 4171 3160 88 8549 230 1384 1137 3580 253 511
1 0 2 3 643 6 1290 138 5515 13 14 17 19 1428 1434 26 30 32 549 49 61 64 65 968 8015 7891 91 355 484 1894 632
2 0 3 7 8 19 20 404 155 28 30 158 34 3623 39 3244 3756 44 62 193 69 74 587 81 485 235 3831 126 638
3 8 137 16 17 3603 404 23 8733 549 426 46 442 69 74 7776 5472 9710 4347 4594 244 123 252 125
4 2818 907 7313 404 154 415 299 1843 51 4277 54 3767 58 963 8912 4178 82 342 217 218 228 742 106 1643 3692 112 4849 120
5 3 5 3849 14 16 18 149 23 24 25 28 3870 4510 35 1958 55 56 62 2136 88 92 353 1263
6 135 9 15 21 22 9502 159 166 38 168 41 3244 45 44 62 69 73 843 210 102 115 632
7 0 2 3 134 7 2316 12 659 22 1434 27 28 26 1310 30 554 9517 52 5429 5182 65 197 583 459 78 476 102 5990
8 1 899 7 8 9 10 139 909 13 28 56 58 5311 2244 1225 79 228 7269 360 106 120 3198
9 0 1 3 4 5 14 2831 17 24 4766 30 34 163 2216 554 176 948 4421 6729 74 211 468 483 253
10 0 1 384 3 4 5 6 7 3477 27 28 5276 2848 37 5926 7341 62 63 708 583 1737 329 4430 82 95
11 0 1 4 9 267 140 13 653 15 797 1951 671 161 34 37 2218 47 176 51 56 313 66 585 79 6616 4859
12 0 1 3 4 5 7 8 11 16 19 27 29 37 52 1077 55 3131 61 850 86 867 100 2153 107 879 1401 122 138 404 148 199 5598 1263
13 1152 4994 390 6 9 16 17 19 7325 158 422 172 1967 8243 184 60 63 3525 1482 465 595 3284 83 1888 2285
14 899 2955 20 21 30 33 35 681 45 303 3759 63 199 211 482 231 2153 1387 236 121
15 8 10 17 18 19 20 21 28 797 158 29 7585 552 40 42 43 439 60 69 715 2255 339 1766 1384 3561 107 110 243 2291 1272 126
16 264 139 11 14 4371 19 155 31 289 3759 50 948 1590 1977 191 329 74 2767 725 356 485 8938 119 252 253 126
17 0 1 4 3977 138 11 14 15 1554 19 2202 797 940 1352 4040 2889 587 83 879 249 126 510
18 2688 2 390 6 138 13 14 26 28 158 1070 176 62 632 878 120
19 131 9476 517 1799 264 139 14 15 18 148 23 154 422 303 175 54 1468 62 9421 80 81 88 1114 1762 3428 3563 253
20 0 1 2 3 4 5 9 138 11 655 16 19 1052 285 37 7347 62 3135 583 968 80 88 859 99 2153 244 3706
21 1 2 4 5 7 8 16 21 4247 28 5661 164 37 561 74 82 211 3158 2264 3700
22 0 1 2 5 8 9 1290 11 13 14 18 152 27 176 55 61 62 709 83 356 103 751 2163 117
23 1 3 5 4607 14 19 27 29 1951 35 36 65 70 454 73 1745 3923 725 1119 107 4336 3839
24 0 1 2 8450 3 11 13 17 23 285 35 41 42 426 5165 4148 74 1871 82 4063 355 229 236 114
25 0 769 1667 131 3 9 14 15 20 919 23 409 1434 24 807 44 56 1215 69 72 5482
26 0 2 5 6 9 16 18 147 20 24 31 803 549 550 2170 301 5038 50 1077 55 725 5974 609 6126 116 120 890
27 0 2 4 6 8 138 10 2700 534 152 155 27 2076 36 37 40 815 176 51 1610 77 78 468 5850 252
28 8450 1283 2 5895 11 14 18 148 5526 23 687 53 63 708 70 1610 84 727 7774 353 1123 3428 1150
29 9 138 13 17 16 156 542 1697 164 9894 38 554 47 176 1077 2487 59 5447 1000 243
30 2 131 13 909 914 1173 27 157 5667 431 176 948 444 69 6097 468 4568 97 612 869 234 4597
31 0 1 2 8707 132 5 6 7 8 3 138 19 24 34 36 42 176 57 63 2521 735 867 356 869 355 253
32 0 1 3 4 9 10 12 18 21 27 28 5921 161 1065 42 2614 1334 62 65 339 214 609
33 0 1 4 6 7 8 138 11 6539 19 20 9365 21 22 25 3097 27 2848 679 184 56 316 61 1597 63 961 204 5101
34 0 1 3 5 7 8 9 776 395 1679 274 5397 24 665 27 38 166 42 46 54 312 1482 2138 224 1384 621 120 2941
35 899 4613 4358 7559 1799 646 138 21 24 28 1452 45 3126 1604 836 476 95 2148 9957 229 114 1917 1151
36 8454 10 14 797 2591 554 61 62 9542 1350 590 342 2659 1638 871 1387 114 7048 138 7564 1168 3483 3996 1702 166 3497 725 5091 751 501 1783 252
37 0 1 4 6 7 9 140 146 148 22 5526 3097 542 35 56 968 2513 84 89 356 229 125 2430
38 2824 138 907 6284 2067 21 24 27 30 1958 40 1065 426 1841 9906 2371 339 725 3676 225 98 2173
39 0 3 4 5 5895 9 8334 14 15 17 21 22 5921 161 162 40 301 175 193 65 67 69 335 102 244 120
40 517 1930 138 650 11 16 145 20 21 29 2475 45 52 3275 331 83 211 3044 231 117 120 9593
41 6656 6 8 9 11 24 27 28 1184 33 290 35 41 554 309 63 1476 70 78 82 1876 86 473 1881 2270 625 252 126
42 0 1 2 3 8 14 15 21 3624 9517 176 57 74 1495 90 1263
43 8454 23 1434 5150 299 3247 1967 309 54 55 70 583 72 9927 3923 1876 2261 342 3038 1758 1384 117
44 6 7 139 2955 13 2700 12 146 30 41 61 62 65 708 79 595 95 224 356 1651
45 2 131 6 7 8 138 10 11 15 7055 655 18 273 28 1310 37 46 1200 69 199 206 5200 984 93 5998 1008 120
46 0 1 2 3 4 5 9 138 11 14 15 148 20 22 152 280 2208 8992 62 63 318 968 72 1491 979 1502 7151 625 371 121
47 0 1 2 8 1416 9 138 12 17 20 26 31 2208 36 1452 50 67 197 583 71 78 7895 2264 229 243
48 0 3 4 6 7 8 9 12 1679 15 1809 155 27 51 948 54 57 4799 1344 6604 83 342 2148 356 751
49 0 1 6 7 1671 13 19 22 3097 27 36 300 48 2741 1334 310 57 316 61 62 69 977 2654 1122 1135 123 763
50 0 2 4 900 7 647 11 13 14 15 18 19 404 155 28 164 45 46 1089 72 1737 1227 594 117
51 0 1 2 5 6 8 138 14 9234 20 23 155 28 5031 1961 7211 63 197 977 725 6877 225 102 487 2420 5501
52 6402 3 4869 1805 2190 424 301 303 5936 63 2112 1482 207 5848 859 355 485 9832 6514 371 1017 123 126
53 2 8 524 909 1296 26 155 30 32 1958 38 2983 168 184 69 325 583 968 197 461 210 356 490 107 110 118 377 382
54 3 11 147 148 26 1820 797 30 44 173 8364 815 48 1721 193 197 72 82 5973 92 485 104 1513 881 249 1019
55 0 1 2 5 6 8 9 10 13 19 20 22 27 797 30 164 41 175 1587 5051 1597 65 1737 715 77 1756 97 126
56 155 5276 36 805 38 40 172 46 57 60 203 207 8402 2264 731 1502 2282 1132 112 120 2431
57 0 1 1413 7687 8 145 19 30 37 43 3884 45 309 62 708 197 2780 3424 8034 2659 236 114 120
58 7 138 16 17 21 28 671 2975 289 32 294 3768 329 1106 859 2659 880 1270 120
59 12 914 152 155 28 554 43 2736 1972 57 58 8139 333 80 86 726 6882 103 1385 2027 494 878 1134 6134 6138 2043 2430
60 0 4 9 139 23 25 2973 29 2848 35 38 40 1065 6577 49 183 184 2371 3923 212 97 232 9713 7161
61 7 135 650 268 147 22 38 45 60 3389 61 193 4291 199 3661 78 1872 7250 3807 7408 372 1656 2683
62 0 1 2 5634 1283 907 15 17 147 148 277 662 22 1310 1183 31 1571 5546 53 957 69 197 7624 211 356 249
63 0 8 1290 11 14 15 27 28 45 559 1334 316 2371 68 1362 86 859 8543 96 2148 117 900 659 2713 9886 170 172 179 5313 709 5329 1263 8948
64 0 1 2 3 136 778 1290 17 19 149 410 27 3483 7712 36 805 679 41 184 60 198 1737 1738 1483 4067 229 9584 4977 120
65 3975 12 20 152 155 2076 35 2348 57 65 69 329 335 720 343 482 4962 102 5482 1395 375
66 0 138 139 11 13 14 12 3600 2579 160 2852 37 429 301 54 3767 56 57 74 236 494 120 7674 4347 7677
67 1 2 5 6 519 8 148 157 160 3106 38 2478 47 1204 52 3774 708 87 343 102 118
68 0 132 10 24 2202 29 3358 7584 49 180 54 442 62 63 197 2385 595 1122 236 112 371 372 1019
69 4 519 9 778 10 17 18 20 21 25 155 166 2371 68 72 73 84 4834 126
70 4 1673 148 22 410 26 31 162 5667 681 44 4797 968 330 2513 2780 1756 2397 612 102 880
71 0 2 4 5 7 1671 9 523 139 18 6166 919 25 31 33 290 163 3003 67 585 204 83 1495 727 8801 97 3684 112 501
72 1408 138 1429 22 793 25 3102 158 36 166 40 176 1721 187 6082 708 1478 9542 74 332 468 84 114 243 121 7291
73 1 2 131 5 9 10 11 524 397 23 24 35 549 426 48 184 1339 574 63 9794 1611 82 604 1756 609 1122 6379 3826
74 5 17 5011 1428 21 671 3502 1583 1200 1077 56 59 4797 2112 65 199 968 82 731 625 121
75 1 131 516 6662 1671 6 14 6165 21 27 29 8734 33 37 173 50 309 53 58 70 1862 715 8271 850 212 224
76 0 1 2 900 5 7 8 138 11 14 16 148 21 23 24 542 164 168 176 56 1604 355 867 869
77 4 3591 653 19 148 20 1943 24 151 155 28 29 161 35 554 52 184 65 7105 4430 82 725 1114 604 1888 97 228 612
78 2 6 9 14 15 18 24 27 285 549 55 58 316 583 72 85 1502 95 96 1506 624 1524 252
79 2 3 4226 5 8 15 8978 18 54 55 2616 58 4551 72 1482 332 87 88 5851 4848 115 4342
80 2 3975 7559 9 14 20 1173 22 3350 21 26 27 28 2205 3613 2614 6979 69 968 456 76 205 206 2134 97
81 1 5 8 9 653 16 144 659 155 28 8993 35 679 40 554 300 68 325 7117 857 96 355 9957 107 121 126 2047
82 3 6 9 1292 17 20 157 2717 927 4514 37 1332 184 58 316 63 707 70 72 79 5337 224 869 377 621 1648 114 120 121
83 1 1155 3 5 637 135 4618 907 17 29 161 1572 37 3110 168 41 3244 84 1881 3175 103 1134 6005 119 1656 762 253
84 2 4 2444 16 29 32 1575 40 41 303 176 63 84 94 95 96 102 621
85 1412 5 6 2950 8 138 11 10 782 15 1554 19 20 166 42 54 55 442 187 73 78 5605 229 238 120
86 0 1 4 5 9 12 1171 23 28 3612 156 161 33 3498 50 57 63 193 7234 69 199 968 1376 873
87 2 5 8 22 26 161 35 38 426 303 176 309 970 717 1388 108 119 123 2045
88 0 3457 513 5507 1 7 8 13 655 914 1300 5659 5664 290 549 7727 948 1591 1850 199 85 90 1370 4829 96 7777 869 1263
89 6 7 2060 13 19 152 25 30 545 35 60 1981 69 72 5333 348 5350 102 253
90 2 4 5 7 137 139 12 14 3856 17 23 158 164 37 38 184 60 65 3286 120 482 232 1263 372 4605 255
91 0 2304 3 8 138 10 8334 4370 26 5659 28 161 426 5295 52 310 438 443 2238 2367 63 2513 228 102 111 253
92 7 135 10 12 13 397 1804 20 152 3097 27 6045 41 4266 6698 5165 1583 56 583 7368 72 1106 5990 4841 1131 6769 121 2298
93 131 5381 8 138 12 526 2067 23 152 280 26 25 38 187 63 193 1736 2142 7918 238 750 6767 624 372 119 4090
94 0 258 135 8 138 11 4364 404 152 7708 552 2486 572 193 3398 725 7640 88 1506 114 5626 1917
95 6147 132 11 14 15 144 9493 22 27 8094 671 60 3774 8901 82 1387 1521 372 120
96 131 6 7 8 17 19 404 23 27 155 31 289 2212 6057 178 948 57 6459 65 79 2000 81 224 737
97 6656 1 2 3 0 5 4098 7 6 9 138 11 13 14 15 16 18 3858 21 24 152 38 47 54 57 709 72 329 9551 121
98 0 1 2 3 4 5 6 7 11 15 16 17 3097 3611 30 2591 38 42 1325 439 184 72 74 2008 621 121
99 0 4 7 8 3849 9 139 135 15 17 28 37 549 44 175 303 178 3514 3008 72 73 235 117 1911 252
